# x1 x2 x3
# 1331 3
# 11 11 11 3
0.000000000000000000e+00 0.000000000000000000e+00 0.000000000000000000e+00
1.000000000000000056e-01 0.000000000000000000e+00 0.000000000000000000e+00
2.000000000000000111e-01 0.000000000000000000e+00 0.000000000000000000e+00
3.000000000000000444e-01 0.000000000000000000e+00 0.000000000000000000e+00
4.000000000000000222e-01 0.000000000000000000e+00 0.000000000000000000e+00
5.000000000000000000e-01 0.000000000000000000e+00 0.000000000000000000e+00
6.000000000000000888e-01 0.000000000000000000e+00 0.000000000000000000e+00
7.000000000000000666e-01 0.000000000000000000e+00 0.000000000000000000e+00
8.000000000000000444e-01 0.000000000000000000e+00 0.000000000000000000e+00
9.000000000000000222e-01 0.000000000000000000e+00 0.000000000000000000e+00
1.000000000000000000e+00 0.000000000000000000e+00 0.000000000000000000e+00
0.000000000000000000e+00 1.000000000000000000e+00 0.000000000000000000e+00
1.000000000000000056e-01 1.000000000000000000e+00 0.000000000000000000e+00
2.000000000000000111e-01 1.000000000000000000e+00 0.000000000000000000e+00
3.000000000000000444e-01 1.000000000000000000e+00 0.000000000000000000e+00
4.000000000000000222e-01 1.000000000000000000e+00 0.000000000000000000e+00
5.000000000000000000e-01 1.000000000000000000e+00 0.000000000000000000e+00
6.000000000000000888e-01 1.000000000000000000e+00 0.000000000000000000e+00
7.000000000000000666e-01 1.000000000000000000e+00 0.000000000000000000e+00
8.000000000000000444e-01 1.000000000000000000e+00 0.000000000000000000e+00
9.000000000000000222e-01 1.000000000000000000e+00 0.000000000000000000e+00
1.000000000000000000e+00 1.000000000000000000e+00 0.000000000000000000e+00
0.000000000000000000e+00 2.000000000000000000e+00 0.000000000000000000e+00
1.000000000000000056e-01 2.000000000000000000e+00 0.000000000000000000e+00
2.000000000000000111e-01 2.000000000000000000e+00 0.000000000000000000e+00
3.000000000000000444e-01 2.000000000000000000e+00 0.000000000000000000e+00
4.000000000000000222e-01 2.000000000000000000e+00 0.000000000000000000e+00
5.000000000000000000e-01 2.000000000000000000e+00 0.000000000000000000e+00
6.000000000000000888e-01 2.000000000000000000e+00 0.000000000000000000e+00
7.000000000000000666e-01 2.000000000000000000e+00 0.000000000000000000e+00
8.000000000000000444e-01 2.000000000000000000e+00 0.000000000000000000e+00
9.000000000000000222e-01 2.000000000000000000e+00 0.000000000000000000e+00
1.000000000000000000e+00 2.000000000000000000e+00 0.000000000000000000e+00
0.000000000000000000e+00 3.000000000000000000e+00 0.000000000000000000e+00
1.000000000000000056e-01 3.000000000000000000e+00 0.000000000000000000e+00
2.000000000000000111e-01 3.000000000000000000e+00 0.000000000000000000e+00
3.000000000000000444e-01 3.000000000000000000e+00 0.000000000000000000e+00
4.000000000000000222e-01 3.000000000000000000e+00 0.000000000000000000e+00
5.000000000000000000e-01 3.000000000000000000e+00 0.000000000000000000e+00
6.000000000000000888e-01 3.000000000000000000e+00 0.000000000000000000e+00
7.000000000000000666e-01 3.000000000000000000e+00 0.000000000000000000e+00
8.000000000000000444e-01 3.000000000000000000e+00 0.000000000000000000e+00
9.000000000000000222e-01 3.000000000000000000e+00 0.000000000000000000e+00
1.000000000000000000e+00 3.000000000000000000e+00 0.000000000000000000e+00
0.000000000000000000e+00 4.000000000000000000e+00 0.000000000000000000e+00
1.000000000000000056e-01 4.000000000000000000e+00 0.000000000000000000e+00
2.000000000000000111e-01 4.000000000000000000e+00 0.000000000000000000e+00
3.000000000000000444e-01 4.000000000000000000e+00 0.000000000000000000e+00
4.000000000000000222e-01 4.000000000000000000e+00 0.000000000000000000e+00
5.000000000000000000e-01 4.000000000000000000e+00 0.000000000000000000e+00
6.000000000000000888e-01 4.000000000000000000e+00 0.000000000000000000e+00
7.000000000000000666e-01 4.000000000000000000e+00 0.000000000000000000e+00
8.000000000000000444e-01 4.000000000000000000e+00 0.000000000000000000e+00
9.000000000000000222e-01 4.000000000000000000e+00 0.000000000000000000e+00
1.000000000000000000e+00 4.000000000000000000e+00 0.000000000000000000e+00
0.000000000000000000e+00 5.000000000000000000e+00 0.000000000000000000e+00
1.000000000000000056e-01 5.000000000000000000e+00 0.000000000000000000e+00
2.000000000000000111e-01 5.000000000000000000e+00 0.000000000000000000e+00
3.000000000000000444e-01 5.000000000000000000e+00 0.000000000000000000e+00
4.000000000000000222e-01 5.000000000000000000e+00 0.000000000000000000e+00
5.000000000000000000e-01 5.000000000000000000e+00 0.000000000000000000e+00
6.000000000000000888e-01 5.000000000000000000e+00 0.000000000000000000e+00
7.000000000000000666e-01 5.000000000000000000e+00 0.000000000000000000e+00
8.000000000000000444e-01 5.000000000000000000e+00 0.000000000000000000e+00
9.000000000000000222e-01 5.000000000000000000e+00 0.000000000000000000e+00
1.000000000000000000e+00 5.000000000000000000e+00 0.000000000000000000e+00
0.000000000000000000e+00 6.000000000000000000e+00 0.000000000000000000e+00
1.000000000000000056e-01 6.000000000000000000e+00 0.000000000000000000e+00
2.000000000000000111e-01 6.000000000000000000e+00 0.000000000000000000e+00
3.000000000000000444e-01 6.000000000000000000e+00 0.000000000000000000e+00
4.000000000000000222e-01 6.000000000000000000e+00 0.000000000000000000e+00
5.000000000000000000e-01 6.000000000000000000e+00 0.000000000000000000e+00
6.000000000000000888e-01 6.000000000000000000e+00 0.000000000000000000e+00
7.000000000000000666e-01 6.000000000000000000e+00 0.000000000000000000e+00
8.000000000000000444e-01 6.000000000000000000e+00 0.000000000000000000e+00
9.000000000000000222e-01 6.000000000000000000e+00 0.000000000000000000e+00
1.000000000000000000e+00 6.000000000000000000e+00 0.000000000000000000e+00
0.000000000000000000e+00 7.000000000000000000e+00 0.000000000000000000e+00
1.000000000000000056e-01 7.000000000000000000e+00 0.000000000000000000e+00
2.000000000000000111e-01 7.000000000000000000e+00 0.000000000000000000e+00
3.000000000000000444e-01 7.000000000000000000e+00 0.000000000000000000e+00
4.000000000000000222e-01 7.000000000000000000e+00 0.000000000000000000e+00
5.000000000000000000e-01 7.000000000000000000e+00 0.000000000000000000e+00
6.000000000000000888e-01 7.000000000000000000e+00 0.000000000000000000e+00
7.000000000000000666e-01 7.000000000000000000e+00 0.000000000000000000e+00
8.000000000000000444e-01 7.000000000000000000e+00 0.000000000000000000e+00
9.000000000000000222e-01 7.000000000000000000e+00 0.000000000000000000e+00
1.000000000000000000e+00 7.000000000000000000e+00 0.000000000000000000e+00
0.000000000000000000e+00 8.000000000000000000e+00 0.000000000000000000e+00
1.000000000000000056e-01 8.000000000000000000e+00 0.000000000000000000e+00
2.000000000000000111e-01 8.000000000000000000e+00 0.000000000000000000e+00
3.000000000000000444e-01 8.000000000000000000e+00 0.000000000000000000e+00
4.000000000000000222e-01 8.000000000000000000e+00 0.000000000000000000e+00
5.000000000000000000e-01 8.000000000000000000e+00 0.000000000000000000e+00
6.000000000000000888e-01 8.000000000000000000e+00 0.000000000000000000e+00
7.000000000000000666e-01 8.000000000000000000e+00 0.000000000000000000e+00
8.000000000000000444e-01 8.000000000000000000e+00 0.000000000000000000e+00
9.000000000000000222e-01 8.000000000000000000e+00 0.000000000000000000e+00
1.000000000000000000e+00 8.000000000000000000e+00 0.000000000000000000e+00
0.000000000000000000e+00 9.000000000000000000e+00 0.000000000000000000e+00
1.000000000000000056e-01 9.000000000000000000e+00 0.000000000000000000e+00
2.000000000000000111e-01 9.000000000000000000e+00 0.000000000000000000e+00
3.000000000000000444e-01 9.000000000000000000e+00 0.000000000000000000e+00
4.000000000000000222e-01 9.000000000000000000e+00 0.000000000000000000e+00
5.000000000000000000e-01 9.000000000000000000e+00 0.000000000000000000e+00
6.000000000000000888e-01 9.000000000000000000e+00 0.000000000000000000e+00
7.000000000000000666e-01 9.000000000000000000e+00 0.000000000000000000e+00
8.000000000000000444e-01 9.000000000000000000e+00 0.000000000000000000e+00
9.000000000000000222e-01 9.000000000000000000e+00 0.000000000000000000e+00
1.000000000000000000e+00 9.000000000000000000e+00 0.000000000000000000e+00
0.000000000000000000e+00 1.000000000000000000e+01 0.000000000000000000e+00
1.000000000000000056e-01 1.000000000000000000e+01 0.000000000000000000e+00
2.000000000000000111e-01 1.000000000000000000e+01 0.000000000000000000e+00
3.000000000000000444e-01 1.000000000000000000e+01 0.000000000000000000e+00
4.000000000000000222e-01 1.000000000000000000e+01 0.000000000000000000e+00
5.000000000000000000e-01 1.000000000000000000e+01 0.000000000000000000e+00
6.000000000000000888e-01 1.000000000000000000e+01 0.000000000000000000e+00
7.000000000000000666e-01 1.000000000000000000e+01 0.000000000000000000e+00
8.000000000000000444e-01 1.000000000000000000e+01 0.000000000000000000e+00
9.000000000000000222e-01 1.000000000000000000e+01 0.000000000000000000e+00
1.000000000000000000e+00 1.000000000000000000e+01 0.000000000000000000e+00
0.000000000000000000e+00 0.000000000000000000e+00 1.000000000000000000e+01
1.000000000000000056e-01 0.000000000000000000e+00 1.000000000000000000e+01
2.000000000000000111e-01 0.000000000000000000e+00 1.000000000000000000e+01
3.000000000000000444e-01 0.000000000000000000e+00 1.000000000000000000e+01
4.000000000000000222e-01 0.000000000000000000e+00 1.000000000000000000e+01
5.000000000000000000e-01 0.000000000000000000e+00 1.000000000000000000e+01
6.000000000000000888e-01 0.000000000000000000e+00 1.000000000000000000e+01
7.000000000000000666e-01 0.000000000000000000e+00 1.000000000000000000e+01
8.000000000000000444e-01 0.000000000000000000e+00 1.000000000000000000e+01
9.000000000000000222e-01 0.000000000000000000e+00 1.000000000000000000e+01
1.000000000000000000e+00 0.000000000000000000e+00 1.000000000000000000e+01
0.000000000000000000e+00 1.000000000000000000e+00 1.000000000000000000e+01
1.000000000000000056e-01 1.000000000000000000e+00 1.000000000000000000e+01
2.000000000000000111e-01 1.000000000000000000e+00 1.000000000000000000e+01
3.000000000000000444e-01 1.000000000000000000e+00 1.000000000000000000e+01
4.000000000000000222e-01 1.000000000000000000e+00 1.000000000000000000e+01
5.000000000000000000e-01 1.000000000000000000e+00 1.000000000000000000e+01
6.000000000000000888e-01 1.000000000000000000e+00 1.000000000000000000e+01
7.000000000000000666e-01 1.000000000000000000e+00 1.000000000000000000e+01
8.000000000000000444e-01 1.000000000000000000e+00 1.000000000000000000e+01
9.000000000000000222e-01 1.000000000000000000e+00 1.000000000000000000e+01
1.000000000000000000e+00 1.000000000000000000e+00 1.000000000000000000e+01
0.000000000000000000e+00 2.000000000000000000e+00 1.000000000000000000e+01
1.000000000000000056e-01 2.000000000000000000e+00 1.000000000000000000e+01
2.000000000000000111e-01 2.000000000000000000e+00 1.000000000000000000e+01
3.000000000000000444e-01 2.000000000000000000e+00 1.000000000000000000e+01
4.000000000000000222e-01 2.000000000000000000e+00 1.000000000000000000e+01
5.000000000000000000e-01 2.000000000000000000e+00 1.000000000000000000e+01
6.000000000000000888e-01 2.000000000000000000e+00 1.000000000000000000e+01
7.000000000000000666e-01 2.000000000000000000e+00 1.000000000000000000e+01
8.000000000000000444e-01 2.000000000000000000e+00 1.000000000000000000e+01
9.000000000000000222e-01 2.000000000000000000e+00 1.000000000000000000e+01
1.000000000000000000e+00 2.000000000000000000e+00 1.000000000000000000e+01
0.000000000000000000e+00 3.000000000000000000e+00 1.000000000000000000e+01
1.000000000000000056e-01 3.000000000000000000e+00 1.000000000000000000e+01
2.000000000000000111e-01 3.000000000000000000e+00 1.000000000000000000e+01
3.000000000000000444e-01 3.000000000000000000e+00 1.000000000000000000e+01
4.000000000000000222e-01 3.000000000000000000e+00 1.000000000000000000e+01
5.000000000000000000e-01 3.000000000000000000e+00 1.000000000000000000e+01
6.000000000000000888e-01 3.000000000000000000e+00 1.000000000000000000e+01
7.000000000000000666e-01 3.000000000000000000e+00 1.000000000000000000e+01
8.000000000000000444e-01 3.000000000000000000e+00 1.000000000000000000e+01
9.000000000000000222e-01 3.000000000000000000e+00 1.000000000000000000e+01
1.000000000000000000e+00 3.000000000000000000e+00 1.000000000000000000e+01
0.000000000000000000e+00 4.000000000000000000e+00 1.000000000000000000e+01
1.000000000000000056e-01 4.000000000000000000e+00 1.000000000000000000e+01
2.000000000000000111e-01 4.000000000000000000e+00 1.000000000000000000e+01
3.000000000000000444e-01 4.000000000000000000e+00 1.000000000000000000e+01
4.000000000000000222e-01 4.000000000000000000e+00 1.000000000000000000e+01
5.000000000000000000e-01 4.000000000000000000e+00 1.000000000000000000e+01
6.000000000000000888e-01 4.000000000000000000e+00 1.000000000000000000e+01
7.000000000000000666e-01 4.000000000000000000e+00 1.000000000000000000e+01
8.000000000000000444e-01 4.000000000000000000e+00 1.000000000000000000e+01
9.000000000000000222e-01 4.000000000000000000e+00 1.000000000000000000e+01
1.000000000000000000e+00 4.000000000000000000e+00 1.000000000000000000e+01
0.000000000000000000e+00 5.000000000000000000e+00 1.000000000000000000e+01
1.000000000000000056e-01 5.000000000000000000e+00 1.000000000000000000e+01
2.000000000000000111e-01 5.000000000000000000e+00 1.000000000000000000e+01
3.000000000000000444e-01 5.000000000000000000e+00 1.000000000000000000e+01
4.000000000000000222e-01 5.000000000000000000e+00 1.000000000000000000e+01
5.000000000000000000e-01 5.000000000000000000e+00 1.000000000000000000e+01
6.000000000000000888e-01 5.000000000000000000e+00 1.000000000000000000e+01
7.000000000000000666e-01 5.000000000000000000e+00 1.000000000000000000e+01
8.000000000000000444e-01 5.000000000000000000e+00 1.000000000000000000e+01
9.000000000000000222e-01 5.000000000000000000e+00 1.000000000000000000e+01
1.000000000000000000e+00 5.000000000000000000e+00 1.000000000000000000e+01
0.000000000000000000e+00 6.000000000000000000e+00 1.000000000000000000e+01
1.000000000000000056e-01 6.000000000000000000e+00 1.000000000000000000e+01
2.000000000000000111e-01 6.000000000000000000e+00 1.000000000000000000e+01
3.000000000000000444e-01 6.000000000000000000e+00 1.000000000000000000e+01
4.000000000000000222e-01 6.000000000000000000e+00 1.000000000000000000e+01
5.000000000000000000e-01 6.000000000000000000e+00 1.000000000000000000e+01
6.000000000000000888e-01 6.000000000000000000e+00 1.000000000000000000e+01
7.000000000000000666e-01 6.000000000000000000e+00 1.000000000000000000e+01
8.000000000000000444e-01 6.000000000000000000e+00 1.000000000000000000e+01
9.000000000000000222e-01 6.000000000000000000e+00 1.000000000000000000e+01
1.000000000000000000e+00 6.000000000000000000e+00 1.000000000000000000e+01
0.000000000000000000e+00 7.000000000000000000e+00 1.000000000000000000e+01
1.000000000000000056e-01 7.000000000000000000e+00 1.000000000000000000e+01
2.000000000000000111e-01 7.000000000000000000e+00 1.000000000000000000e+01
3.000000000000000444e-01 7.000000000000000000e+00 1.000000000000000000e+01
4.000000000000000222e-01 7.000000000000000000e+00 1.000000000000000000e+01
5.000000000000000000e-01 7.000000000000000000e+00 1.000000000000000000e+01
6.000000000000000888e-01 7.000000000000000000e+00 1.000000000000000000e+01
7.000000000000000666e-01 7.000000000000000000e+00 1.000000000000000000e+01
8.000000000000000444e-01 7.000000000000000000e+00 1.000000000000000000e+01
9.000000000000000222e-01 7.000000000000000000e+00 1.000000000000000000e+01
1.000000000000000000e+00 7.000000000000000000e+00 1.000000000000000000e+01
0.000000000000000000e+00 8.000000000000000000e+00 1.000000000000000000e+01
1.000000000000000056e-01 8.000000000000000000e+00 1.000000000000000000e+01
2.000000000000000111e-01 8.000000000000000000e+00 1.000000000000000000e+01
3.000000000000000444e-01 8.000000000000000000e+00 1.000000000000000000e+01
4.000000000000000222e-01 8.000000000000000000e+00 1.000000000000000000e+01
5.000000000000000000e-01 8.000000000000000000e+00 1.000000000000000000e+01
6.000000000000000888e-01 8.000000000000000000e+00 1.000000000000000000e+01
7.000000000000000666e-01 8.000000000000000000e+00 1.000000000000000000e+01
8.000000000000000444e-01 8.000000000000000000e+00 1.000000000000000000e+01
9.000000000000000222e-01 8.000000000000000000e+00 1.000000000000000000e+01
1.000000000000000000e+00 8.000000000000000000e+00 1.000000000000000000e+01
0.000000000000000000e+00 9.000000000000000000e+00 1.000000000000000000e+01
1.000000000000000056e-01 9.000000000000000000e+00 1.000000000000000000e+01
2.000000000000000111e-01 9.000000000000000000e+00 1.000000000000000000e+01
3.000000000000000444e-01 9.000000000000000000e+00 1.000000000000000000e+01
4.000000000000000222e-01 9.000000000000000000e+00 1.000000000000000000e+01
5.000000000000000000e-01 9.000000000000000000e+00 1.000000000000000000e+01
6.000000000000000888e-01 9.000000000000000000e+00 1.000000000000000000e+01
7.000000000000000666e-01 9.000000000000000000e+00 1.000000000000000000e+01
8.000000000000000444e-01 9.000000000000000000e+00 1.000000000000000000e+01
9.000000000000000222e-01 9.000000000000000000e+00 1.000000000000000000e+01
1.000000000000000000e+00 9.000000000000000000e+00 1.000000000000000000e+01
0.000000000000000000e+00 1.000000000000000000e+01 1.000000000000000000e+01
1.000000000000000056e-01 1.000000000000000000e+01 1.000000000000000000e+01
2.000000000000000111e-01 1.000000000000000000e+01 1.000000000000000000e+01
3.000000000000000444e-01 1.000000000000000000e+01 1.000000000000000000e+01
4.000000000000000222e-01 1.000000000000000000e+01 1.000000000000000000e+01
5.000000000000000000e-01 1.000000000000000000e+01 1.000000000000000000e+01
6.000000000000000888e-01 1.000000000000000000e+01 1.000000000000000000e+01
7.000000000000000666e-01 1.000000000000000000e+01 1.000000000000000000e+01
8.000000000000000444e-01 1.000000000000000000e+01 1.000000000000000000e+01
9.000000000000000222e-01 1.000000000000000000e+01 1.000000000000000000e+01
1.000000000000000000e+00 1.000000000000000000e+01 1.000000000000000000e+01
0.000000000000000000e+00 0.000000000000000000e+00 2.000000000000000000e+01
1.000000000000000056e-01 0.000000000000000000e+00 2.000000000000000000e+01
2.000000000000000111e-01 0.000000000000000000e+00 2.000000000000000000e+01
3.000000000000000444e-01 0.000000000000000000e+00 2.000000000000000000e+01
4.000000000000000222e-01 0.000000000000000000e+00 2.000000000000000000e+01
5.000000000000000000e-01 0.000000000000000000e+00 2.000000000000000000e+01
6.000000000000000888e-01 0.000000000000000000e+00 2.000000000000000000e+01
7.000000000000000666e-01 0.000000000000000000e+00 2.000000000000000000e+01
8.000000000000000444e-01 0.000000000000000000e+00 2.000000000000000000e+01
9.000000000000000222e-01 0.000000000000000000e+00 2.000000000000000000e+01
1.000000000000000000e+00 0.000000000000000000e+00 2.000000000000000000e+01
0.000000000000000000e+00 1.000000000000000000e+00 2.000000000000000000e+01
1.000000000000000056e-01 1.000000000000000000e+00 2.000000000000000000e+01
2.000000000000000111e-01 1.000000000000000000e+00 2.000000000000000000e+01
3.000000000000000444e-01 1.000000000000000000e+00 2.000000000000000000e+01
4.000000000000000222e-01 1.000000000000000000e+00 2.000000000000000000e+01
5.000000000000000000e-01 1.000000000000000000e+00 2.000000000000000000e+01
6.000000000000000888e-01 1.000000000000000000e+00 2.000000000000000000e+01
7.000000000000000666e-01 1.000000000000000000e+00 2.000000000000000000e+01
8.000000000000000444e-01 1.000000000000000000e+00 2.000000000000000000e+01
9.000000000000000222e-01 1.000000000000000000e+00 2.000000000000000000e+01
1.000000000000000000e+00 1.000000000000000000e+00 2.000000000000000000e+01
0.000000000000000000e+00 2.000000000000000000e+00 2.000000000000000000e+01
1.000000000000000056e-01 2.000000000000000000e+00 2.000000000000000000e+01
2.000000000000000111e-01 2.000000000000000000e+00 2.000000000000000000e+01
3.000000000000000444e-01 2.000000000000000000e+00 2.000000000000000000e+01
4.000000000000000222e-01 2.000000000000000000e+00 2.000000000000000000e+01
5.000000000000000000e-01 2.000000000000000000e+00 2.000000000000000000e+01
6.000000000000000888e-01 2.000000000000000000e+00 2.000000000000000000e+01
7.000000000000000666e-01 2.000000000000000000e+00 2.000000000000000000e+01
8.000000000000000444e-01 2.000000000000000000e+00 2.000000000000000000e+01
9.000000000000000222e-01 2.000000000000000000e+00 2.000000000000000000e+01
1.000000000000000000e+00 2.000000000000000000e+00 2.000000000000000000e+01
0.000000000000000000e+00 3.000000000000000000e+00 2.000000000000000000e+01
1.000000000000000056e-01 3.000000000000000000e+00 2.000000000000000000e+01
2.000000000000000111e-01 3.000000000000000000e+00 2.000000000000000000e+01
3.000000000000000444e-01 3.000000000000000000e+00 2.000000000000000000e+01
4.000000000000000222e-01 3.000000000000000000e+00 2.000000000000000000e+01
5.000000000000000000e-01 3.000000000000000000e+00 2.000000000000000000e+01
6.000000000000000888e-01 3.000000000000000000e+00 2.000000000000000000e+01
7.000000000000000666e-01 3.000000000000000000e+00 2.000000000000000000e+01
8.000000000000000444e-01 3.000000000000000000e+00 2.000000000000000000e+01
9.000000000000000222e-01 3.000000000000000000e+00 2.000000000000000000e+01
1.000000000000000000e+00 3.000000000000000000e+00 2.000000000000000000e+01
0.000000000000000000e+00 4.000000000000000000e+00 2.000000000000000000e+01
1.000000000000000056e-01 4.000000000000000000e+00 2.000000000000000000e+01
2.000000000000000111e-01 4.000000000000000000e+00 2.000000000000000000e+01
3.000000000000000444e-01 4.000000000000000000e+00 2.000000000000000000e+01
4.000000000000000222e-01 4.000000000000000000e+00 2.000000000000000000e+01
5.000000000000000000e-01 4.000000000000000000e+00 2.000000000000000000e+01
6.000000000000000888e-01 4.000000000000000000e+00 2.000000000000000000e+01
7.000000000000000666e-01 4.000000000000000000e+00 2.000000000000000000e+01
8.000000000000000444e-01 4.000000000000000000e+00 2.000000000000000000e+01
9.000000000000000222e-01 4.000000000000000000e+00 2.000000000000000000e+01
1.000000000000000000e+00 4.000000000000000000e+00 2.000000000000000000e+01
0.000000000000000000e+00 5.000000000000000000e+00 2.000000000000000000e+01
1.000000000000000056e-01 5.000000000000000000e+00 2.000000000000000000e+01
2.000000000000000111e-01 5.000000000000000000e+00 2.000000000000000000e+01
3.000000000000000444e-01 5.000000000000000000e+00 2.000000000000000000e+01
4.000000000000000222e-01 5.000000000000000000e+00 2.000000000000000000e+01
5.000000000000000000e-01 5.000000000000000000e+00 2.000000000000000000e+01
6.000000000000000888e-01 5.000000000000000000e+00 2.000000000000000000e+01
7.000000000000000666e-01 5.000000000000000000e+00 2.000000000000000000e+01
8.000000000000000444e-01 5.000000000000000000e+00 2.000000000000000000e+01
9.000000000000000222e-01 5.000000000000000000e+00 2.000000000000000000e+01
1.000000000000000000e+00 5.000000000000000000e+00 2.000000000000000000e+01
0.000000000000000000e+00 6.000000000000000000e+00 2.000000000000000000e+01
1.000000000000000056e-01 6.000000000000000000e+00 2.000000000000000000e+01
2.000000000000000111e-01 6.000000000000000000e+00 2.000000000000000000e+01
3.000000000000000444e-01 6.000000000000000000e+00 2.000000000000000000e+01
4.000000000000000222e-01 6.000000000000000000e+00 2.000000000000000000e+01
5.000000000000000000e-01 6.000000000000000000e+00 2.000000000000000000e+01
6.000000000000000888e-01 6.000000000000000000e+00 2.000000000000000000e+01
7.000000000000000666e-01 6.000000000000000000e+00 2.000000000000000000e+01
8.000000000000000444e-01 6.000000000000000000e+00 2.000000000000000000e+01
9.000000000000000222e-01 6.000000000000000000e+00 2.000000000000000000e+01
1.000000000000000000e+00 6.000000000000000000e+00 2.000000000000000000e+01
0.000000000000000000e+00 7.000000000000000000e+00 2.000000000000000000e+01
1.000000000000000056e-01 7.000000000000000000e+00 2.000000000000000000e+01
2.000000000000000111e-01 7.000000000000000000e+00 2.000000000000000000e+01
3.000000000000000444e-01 7.000000000000000000e+00 2.000000000000000000e+01
4.000000000000000222e-01 7.000000000000000000e+00 2.000000000000000000e+01
5.000000000000000000e-01 7.000000000000000000e+00 2.000000000000000000e+01
6.000000000000000888e-01 7.000000000000000000e+00 2.000000000000000000e+01
7.000000000000000666e-01 7.000000000000000000e+00 2.000000000000000000e+01
8.000000000000000444e-01 7.000000000000000000e+00 2.000000000000000000e+01
9.000000000000000222e-01 7.000000000000000000e+00 2.000000000000000000e+01
1.000000000000000000e+00 7.000000000000000000e+00 2.000000000000000000e+01
0.000000000000000000e+00 8.000000000000000000e+00 2.000000000000000000e+01
1.000000000000000056e-01 8.000000000000000000e+00 2.000000000000000000e+01
2.000000000000000111e-01 8.000000000000000000e+00 2.000000000000000000e+01
3.000000000000000444e-01 8.000000000000000000e+00 2.000000000000000000e+01
4.000000000000000222e-01 8.000000000000000000e+00 2.000000000000000000e+01
5.000000000000000000e-01 8.000000000000000000e+00 2.000000000000000000e+01
6.000000000000000888e-01 8.000000000000000000e+00 2.000000000000000000e+01
7.000000000000000666e-01 8.000000000000000000e+00 2.000000000000000000e+01
8.000000000000000444e-01 8.000000000000000000e+00 2.000000000000000000e+01
9.000000000000000222e-01 8.000000000000000000e+00 2.000000000000000000e+01
1.000000000000000000e+00 8.000000000000000000e+00 2.000000000000000000e+01
0.000000000000000000e+00 9.000000000000000000e+00 2.000000000000000000e+01
1.000000000000000056e-01 9.000000000000000000e+00 2.000000000000000000e+01
2.000000000000000111e-01 9.000000000000000000e+00 2.000000000000000000e+01
3.000000000000000444e-01 9.000000000000000000e+00 2.000000000000000000e+01
4.000000000000000222e-01 9.000000000000000000e+00 2.000000000000000000e+01
5.000000000000000000e-01 9.000000000000000000e+00 2.000000000000000000e+01
6.000000000000000888e-01 9.000000000000000000e+00 2.000000000000000000e+01
7.000000000000000666e-01 9.000000000000000000e+00 2.000000000000000000e+01
8.000000000000000444e-01 9.000000000000000000e+00 2.000000000000000000e+01
9.000000000000000222e-01 9.000000000000000000e+00 2.000000000000000000e+01
1.000000000000000000e+00 9.000000000000000000e+00 2.000000000000000000e+01
0.000000000000000000e+00 1.000000000000000000e+01 2.000000000000000000e+01
1.000000000000000056e-01 1.000000000000000000e+01 2.000000000000000000e+01
2.000000000000000111e-01 1.000000000000000000e+01 2.000000000000000000e+01
3.000000000000000444e-01 1.000000000000000000e+01 2.000000000000000000e+01
4.000000000000000222e-01 1.000000000000000000e+01 2.000000000000000000e+01
5.000000000000000000e-01 1.000000000000000000e+01 2.000000000000000000e+01
6.000000000000000888e-01 1.000000000000000000e+01 2.000000000000000000e+01
7.000000000000000666e-01 1.000000000000000000e+01 2.000000000000000000e+01
8.000000000000000444e-01 1.000000000000000000e+01 2.000000000000000000e+01
9.000000000000000222e-01 1.000000000000000000e+01 2.000000000000000000e+01
1.000000000000000000e+00 1.000000000000000000e+01 2.000000000000000000e+01
0.000000000000000000e+00 0.000000000000000000e+00 3.000000000000000000e+01
1.000000000000000056e-01 0.000000000000000000e+00 3.000000000000000000e+01
2.000000000000000111e-01 0.000000000000000000e+00 3.000000000000000000e+01
3.000000000000000444e-01 0.000000000000000000e+00 3.000000000000000000e+01
4.000000000000000222e-01 0.000000000000000000e+00 3.000000000000000000e+01
5.000000000000000000e-01 0.000000000000000000e+00 3.000000000000000000e+01
6.000000000000000888e-01 0.000000000000000000e+00 3.000000000000000000e+01
7.000000000000000666e-01 0.000000000000000000e+00 3.000000000000000000e+01
8.000000000000000444e-01 0.000000000000000000e+00 3.000000000000000000e+01
9.000000000000000222e-01 0.000000000000000000e+00 3.000000000000000000e+01
1.000000000000000000e+00 0.000000000000000000e+00 3.000000000000000000e+01
0.000000000000000000e+00 1.000000000000000000e+00 3.000000000000000000e+01
1.000000000000000056e-01 1.000000000000000000e+00 3.000000000000000000e+01
2.000000000000000111e-01 1.000000000000000000e+00 3.000000000000000000e+01
3.000000000000000444e-01 1.000000000000000000e+00 3.000000000000000000e+01
4.000000000000000222e-01 1.000000000000000000e+00 3.000000000000000000e+01
5.000000000000000000e-01 1.000000000000000000e+00 3.000000000000000000e+01
6.000000000000000888e-01 1.000000000000000000e+00 3.000000000000000000e+01
7.000000000000000666e-01 1.000000000000000000e+00 3.000000000000000000e+01
8.000000000000000444e-01 1.000000000000000000e+00 3.000000000000000000e+01
9.000000000000000222e-01 1.000000000000000000e+00 3.000000000000000000e+01
1.000000000000000000e+00 1.000000000000000000e+00 3.000000000000000000e+01
0.000000000000000000e+00 2.000000000000000000e+00 3.000000000000000000e+01
1.000000000000000056e-01 2.000000000000000000e+00 3.000000000000000000e+01
2.000000000000000111e-01 2.000000000000000000e+00 3.000000000000000000e+01
3.000000000000000444e-01 2.000000000000000000e+00 3.000000000000000000e+01
4.000000000000000222e-01 2.000000000000000000e+00 3.000000000000000000e+01
5.000000000000000000e-01 2.000000000000000000e+00 3.000000000000000000e+01
6.000000000000000888e-01 2.000000000000000000e+00 3.000000000000000000e+01
7.000000000000000666e-01 2.000000000000000000e+00 3.000000000000000000e+01
8.000000000000000444e-01 2.000000000000000000e+00 3.000000000000000000e+01
9.000000000000000222e-01 2.000000000000000000e+00 3.000000000000000000e+01
1.000000000000000000e+00 2.000000000000000000e+00 3.000000000000000000e+01
0.000000000000000000e+00 3.000000000000000000e+00 3.000000000000000000e+01
1.000000000000000056e-01 3.000000000000000000e+00 3.000000000000000000e+01
2.000000000000000111e-01 3.000000000000000000e+00 3.000000000000000000e+01
3.000000000000000444e-01 3.000000000000000000e+00 3.000000000000000000e+01
4.000000000000000222e-01 3.000000000000000000e+00 3.000000000000000000e+01
5.000000000000000000e-01 3.000000000000000000e+00 3.000000000000000000e+01
6.000000000000000888e-01 3.000000000000000000e+00 3.000000000000000000e+01
7.000000000000000666e-01 3.000000000000000000e+00 3.000000000000000000e+01
8.000000000000000444e-01 3.000000000000000000e+00 3.000000000000000000e+01
9.000000000000000222e-01 3.000000000000000000e+00 3.000000000000000000e+01
1.000000000000000000e+00 3.000000000000000000e+00 3.000000000000000000e+01
0.000000000000000000e+00 4.000000000000000000e+00 3.000000000000000000e+01
1.000000000000000056e-01 4.000000000000000000e+00 3.000000000000000000e+01
2.000000000000000111e-01 4.000000000000000000e+00 3.000000000000000000e+01
3.000000000000000444e-01 4.000000000000000000e+00 3.000000000000000000e+01
4.000000000000000222e-01 4.000000000000000000e+00 3.000000000000000000e+01
5.000000000000000000e-01 4.000000000000000000e+00 3.000000000000000000e+01
6.000000000000000888e-01 4.000000000000000000e+00 3.000000000000000000e+01
7.000000000000000666e-01 4.000000000000000000e+00 3.000000000000000000e+01
8.000000000000000444e-01 4.000000000000000000e+00 3.000000000000000000e+01
9.000000000000000222e-01 4.000000000000000000e+00 3.000000000000000000e+01
1.000000000000000000e+00 4.000000000000000000e+00 3.000000000000000000e+01
0.000000000000000000e+00 5.000000000000000000e+00 3.000000000000000000e+01
1.000000000000000056e-01 5.000000000000000000e+00 3.000000000000000000e+01
2.000000000000000111e-01 5.000000000000000000e+00 3.000000000000000000e+01
3.000000000000000444e-01 5.000000000000000000e+00 3.000000000000000000e+01
4.000000000000000222e-01 5.000000000000000000e+00 3.000000000000000000e+01
5.000000000000000000e-01 5.000000000000000000e+00 3.000000000000000000e+01
6.000000000000000888e-01 5.000000000000000000e+00 3.000000000000000000e+01
7.000000000000000666e-01 5.000000000000000000e+00 3.000000000000000000e+01
8.000000000000000444e-01 5.000000000000000000e+00 3.000000000000000000e+01
9.000000000000000222e-01 5.000000000000000000e+00 3.000000000000000000e+01
1.000000000000000000e+00 5.000000000000000000e+00 3.000000000000000000e+01
0.000000000000000000e+00 6.000000000000000000e+00 3.000000000000000000e+01
1.000000000000000056e-01 6.000000000000000000e+00 3.000000000000000000e+01
2.000000000000000111e-01 6.000000000000000000e+00 3.000000000000000000e+01
3.000000000000000444e-01 6.000000000000000000e+00 3.000000000000000000e+01
4.000000000000000222e-01 6.000000000000000000e+00 3.000000000000000000e+01
5.000000000000000000e-01 6.000000000000000000e+00 3.000000000000000000e+01
6.000000000000000888e-01 6.000000000000000000e+00 3.000000000000000000e+01
7.000000000000000666e-01 6.000000000000000000e+00 3.000000000000000000e+01
8.000000000000000444e-01 6.000000000000000000e+00 3.000000000000000000e+01
9.000000000000000222e-01 6.000000000000000000e+00 3.000000000000000000e+01
1.000000000000000000e+00 6.000000000000000000e+00 3.000000000000000000e+01
0.000000000000000000e+00 7.000000000000000000e+00 3.000000000000000000e+01
1.000000000000000056e-01 7.000000000000000000e+00 3.000000000000000000e+01
2.000000000000000111e-01 7.000000000000000000e+00 3.000000000000000000e+01
3.000000000000000444e-01 7.000000000000000000e+00 3.000000000000000000e+01
4.000000000000000222e-01 7.000000000000000000e+00 3.000000000000000000e+01
5.000000000000000000e-01 7.000000000000000000e+00 3.000000000000000000e+01
6.000000000000000888e-01 7.000000000000000000e+00 3.000000000000000000e+01
7.000000000000000666e-01 7.000000000000000000e+00 3.000000000000000000e+01
8.000000000000000444e-01 7.000000000000000000e+00 3.000000000000000000e+01
9.000000000000000222e-01 7.000000000000000000e+00 3.000000000000000000e+01
1.000000000000000000e+00 7.000000000000000000e+00 3.000000000000000000e+01
0.000000000000000000e+00 8.000000000000000000e+00 3.000000000000000000e+01
1.000000000000000056e-01 8.000000000000000000e+00 3.000000000000000000e+01
2.000000000000000111e-01 8.000000000000000000e+00 3.000000000000000000e+01
3.000000000000000444e-01 8.000000000000000000e+00 3.000000000000000000e+01
4.000000000000000222e-01 8.000000000000000000e+00 3.000000000000000000e+01
5.000000000000000000e-01 8.000000000000000000e+00 3.000000000000000000e+01
6.000000000000000888e-01 8.000000000000000000e+00 3.000000000000000000e+01
7.000000000000000666e-01 8.000000000000000000e+00 3.000000000000000000e+01
8.000000000000000444e-01 8.000000000000000000e+00 3.000000000000000000e+01
9.000000000000000222e-01 8.000000000000000000e+00 3.000000000000000000e+01
1.000000000000000000e+00 8.000000000000000000e+00 3.000000000000000000e+01
0.000000000000000000e+00 9.000000000000000000e+00 3.000000000000000000e+01
1.000000000000000056e-01 9.000000000000000000e+00 3.000000000000000000e+01
2.000000000000000111e-01 9.000000000000000000e+00 3.000000000000000000e+01
3.000000000000000444e-01 9.000000000000000000e+00 3.000000000000000000e+01
4.000000000000000222e-01 9.000000000000000000e+00 3.000000000000000000e+01
5.000000000000000000e-01 9.000000000000000000e+00 3.000000000000000000e+01
6.000000000000000888e-01 9.000000000000000000e+00 3.000000000000000000e+01
7.000000000000000666e-01 9.000000000000000000e+00 3.000000000000000000e+01
8.000000000000000444e-01 9.000000000000000000e+00 3.000000000000000000e+01
9.000000000000000222e-01 9.000000000000000000e+00 3.000000000000000000e+01
1.000000000000000000e+00 9.000000000000000000e+00 3.000000000000000000e+01
0.000000000000000000e+00 1.000000000000000000e+01 3.000000000000000000e+01
1.000000000000000056e-01 1.000000000000000000e+01 3.000000000000000000e+01
2.000000000000000111e-01 1.000000000000000000e+01 3.000000000000000000e+01
3.000000000000000444e-01 1.000000000000000000e+01 3.000000000000000000e+01
4.000000000000000222e-01 1.000000000000000000e+01 3.000000000000000000e+01
5.000000000000000000e-01 1.000000000000000000e+01 3.000000000000000000e+01
6.000000000000000888e-01 1.000000000000000000e+01 3.000000000000000000e+01
7.000000000000000666e-01 1.000000000000000000e+01 3.000000000000000000e+01
8.000000000000000444e-01 1.000000000000000000e+01 3.000000000000000000e+01
9.000000000000000222e-01 1.000000000000000000e+01 3.000000000000000000e+01
1.000000000000000000e+00 1.000000000000000000e+01 3.000000000000000000e+01
0.000000000000000000e+00 0.000000000000000000e+00 4.000000000000000000e+01
1.000000000000000056e-01 0.000000000000000000e+00 4.000000000000000000e+01
2.000000000000000111e-01 0.000000000000000000e+00 4.000000000000000000e+01
3.000000000000000444e-01 0.000000000000000000e+00 4.000000000000000000e+01
4.000000000000000222e-01 0.000000000000000000e+00 4.000000000000000000e+01
5.000000000000000000e-01 0.000000000000000000e+00 4.000000000000000000e+01
6.000000000000000888e-01 0.000000000000000000e+00 4.000000000000000000e+01
7.000000000000000666e-01 0.000000000000000000e+00 4.000000000000000000e+01
8.000000000000000444e-01 0.000000000000000000e+00 4.000000000000000000e+01
9.000000000000000222e-01 0.000000000000000000e+00 4.000000000000000000e+01
1.000000000000000000e+00 0.000000000000000000e+00 4.000000000000000000e+01
0.000000000000000000e+00 1.000000000000000000e+00 4.000000000000000000e+01
1.000000000000000056e-01 1.000000000000000000e+00 4.000000000000000000e+01
2.000000000000000111e-01 1.000000000000000000e+00 4.000000000000000000e+01
3.000000000000000444e-01 1.000000000000000000e+00 4.000000000000000000e+01
4.000000000000000222e-01 1.000000000000000000e+00 4.000000000000000000e+01
5.000000000000000000e-01 1.000000000000000000e+00 4.000000000000000000e+01
6.000000000000000888e-01 1.000000000000000000e+00 4.000000000000000000e+01
7.000000000000000666e-01 1.000000000000000000e+00 4.000000000000000000e+01
8.000000000000000444e-01 1.000000000000000000e+00 4.000000000000000000e+01
9.000000000000000222e-01 1.000000000000000000e+00 4.000000000000000000e+01
1.000000000000000000e+00 1.000000000000000000e+00 4.000000000000000000e+01
0.000000000000000000e+00 2.000000000000000000e+00 4.000000000000000000e+01
1.000000000000000056e-01 2.000000000000000000e+00 4.000000000000000000e+01
2.000000000000000111e-01 2.000000000000000000e+00 4.000000000000000000e+01
3.000000000000000444e-01 2.000000000000000000e+00 4.000000000000000000e+01
4.000000000000000222e-01 2.000000000000000000e+00 4.000000000000000000e+01
5.000000000000000000e-01 2.000000000000000000e+00 4.000000000000000000e+01
6.000000000000000888e-01 2.000000000000000000e+00 4.000000000000000000e+01
7.000000000000000666e-01 2.000000000000000000e+00 4.000000000000000000e+01
8.000000000000000444e-01 2.000000000000000000e+00 4.000000000000000000e+01
9.000000000000000222e-01 2.000000000000000000e+00 4.000000000000000000e+01
1.000000000000000000e+00 2.000000000000000000e+00 4.000000000000000000e+01
0.000000000000000000e+00 3.000000000000000000e+00 4.000000000000000000e+01
1.000000000000000056e-01 3.000000000000000000e+00 4.000000000000000000e+01
2.000000000000000111e-01 3.000000000000000000e+00 4.000000000000000000e+01
3.000000000000000444e-01 3.000000000000000000e+00 4.000000000000000000e+01
4.000000000000000222e-01 3.000000000000000000e+00 4.000000000000000000e+01
5.000000000000000000e-01 3.000000000000000000e+00 4.000000000000000000e+01
6.000000000000000888e-01 3.000000000000000000e+00 4.000000000000000000e+01
7.000000000000000666e-01 3.000000000000000000e+00 4.000000000000000000e+01
8.000000000000000444e-01 3.000000000000000000e+00 4.000000000000000000e+01
9.000000000000000222e-01 3.000000000000000000e+00 4.000000000000000000e+01
1.000000000000000000e+00 3.000000000000000000e+00 4.000000000000000000e+01
0.000000000000000000e+00 4.000000000000000000e+00 4.000000000000000000e+01
1.000000000000000056e-01 4.000000000000000000e+00 4.000000000000000000e+01
2.000000000000000111e-01 4.000000000000000000e+00 4.000000000000000000e+01
3.000000000000000444e-01 4.000000000000000000e+00 4.000000000000000000e+01
4.000000000000000222e-01 4.000000000000000000e+00 4.000000000000000000e+01
5.000000000000000000e-01 4.000000000000000000e+00 4.000000000000000000e+01
6.000000000000000888e-01 4.000000000000000000e+00 4.000000000000000000e+01
7.000000000000000666e-01 4.000000000000000000e+00 4.000000000000000000e+01
8.000000000000000444e-01 4.000000000000000000e+00 4.000000000000000000e+01
9.000000000000000222e-01 4.000000000000000000e+00 4.000000000000000000e+01
1.000000000000000000e+00 4.000000000000000000e+00 4.000000000000000000e+01
0.000000000000000000e+00 5.000000000000000000e+00 4.000000000000000000e+01
1.000000000000000056e-01 5.000000000000000000e+00 4.000000000000000000e+01
2.000000000000000111e-01 5.000000000000000000e+00 4.000000000000000000e+01
3.000000000000000444e-01 5.000000000000000000e+00 4.000000000000000000e+01
4.000000000000000222e-01 5.000000000000000000e+00 4.000000000000000000e+01
5.000000000000000000e-01 5.000000000000000000e+00 4.000000000000000000e+01
6.000000000000000888e-01 5.000000000000000000e+00 4.000000000000000000e+01
7.000000000000000666e-01 5.000000000000000000e+00 4.000000000000000000e+01
8.000000000000000444e-01 5.000000000000000000e+00 4.000000000000000000e+01
9.000000000000000222e-01 5.000000000000000000e+00 4.000000000000000000e+01
1.000000000000000000e+00 5.000000000000000000e+00 4.000000000000000000e+01
0.000000000000000000e+00 6.000000000000000000e+00 4.000000000000000000e+01
1.000000000000000056e-01 6.000000000000000000e+00 4.000000000000000000e+01
2.000000000000000111e-01 6.000000000000000000e+00 4.000000000000000000e+01
3.000000000000000444e-01 6.000000000000000000e+00 4.000000000000000000e+01
4.000000000000000222e-01 6.000000000000000000e+00 4.000000000000000000e+01
5.000000000000000000e-01 6.000000000000000000e+00 4.000000000000000000e+01
6.000000000000000888e-01 6.000000000000000000e+00 4.000000000000000000e+01
7.000000000000000666e-01 6.000000000000000000e+00 4.000000000000000000e+01
8.000000000000000444e-01 6.000000000000000000e+00 4.000000000000000000e+01
9.000000000000000222e-01 6.000000000000000000e+00 4.000000000000000000e+01
1.000000000000000000e+00 6.000000000000000000e+00 4.000000000000000000e+01
0.000000000000000000e+00 7.000000000000000000e+00 4.000000000000000000e+01
1.000000000000000056e-01 7.000000000000000000e+00 4.000000000000000000e+01
2.000000000000000111e-01 7.000000000000000000e+00 4.000000000000000000e+01
3.000000000000000444e-01 7.000000000000000000e+00 4.000000000000000000e+01
4.000000000000000222e-01 7.000000000000000000e+00 4.000000000000000000e+01
5.000000000000000000e-01 7.000000000000000000e+00 4.000000000000000000e+01
6.000000000000000888e-01 7.000000000000000000e+00 4.000000000000000000e+01
7.000000000000000666e-01 7.000000000000000000e+00 4.000000000000000000e+01
8.000000000000000444e-01 7.000000000000000000e+00 4.000000000000000000e+01
9.000000000000000222e-01 7.000000000000000000e+00 4.000000000000000000e+01
1.000000000000000000e+00 7.000000000000000000e+00 4.000000000000000000e+01
0.000000000000000000e+00 8.000000000000000000e+00 4.000000000000000000e+01
1.000000000000000056e-01 8.000000000000000000e+00 4.000000000000000000e+01
2.000000000000000111e-01 8.000000000000000000e+00 4.000000000000000000e+01
3.000000000000000444e-01 8.000000000000000000e+00 4.000000000000000000e+01
4.000000000000000222e-01 8.000000000000000000e+00 4.000000000000000000e+01
5.000000000000000000e-01 8.000000000000000000e+00 4.000000000000000000e+01
6.000000000000000888e-01 8.000000000000000000e+00 4.000000000000000000e+01
7.000000000000000666e-01 8.000000000000000000e+00 4.000000000000000000e+01
8.000000000000000444e-01 8.000000000000000000e+00 4.000000000000000000e+01
9.000000000000000222e-01 8.000000000000000000e+00 4.000000000000000000e+01
1.000000000000000000e+00 8.000000000000000000e+00 4.000000000000000000e+01
0.000000000000000000e+00 9.000000000000000000e+00 4.000000000000000000e+01
1.000000000000000056e-01 9.000000000000000000e+00 4.000000000000000000e+01
2.000000000000000111e-01 9.000000000000000000e+00 4.000000000000000000e+01
3.000000000000000444e-01 9.000000000000000000e+00 4.000000000000000000e+01
4.000000000000000222e-01 9.000000000000000000e+00 4.000000000000000000e+01
5.000000000000000000e-01 9.000000000000000000e+00 4.000000000000000000e+01
6.000000000000000888e-01 9.000000000000000000e+00 4.000000000000000000e+01
7.000000000000000666e-01 9.000000000000000000e+00 4.000000000000000000e+01
8.000000000000000444e-01 9.000000000000000000e+00 4.000000000000000000e+01
9.000000000000000222e-01 9.000000000000000000e+00 4.000000000000000000e+01
1.000000000000000000e+00 9.000000000000000000e+00 4.000000000000000000e+01
0.000000000000000000e+00 1.000000000000000000e+01 4.000000000000000000e+01
1.000000000000000056e-01 1.000000000000000000e+01 4.000000000000000000e+01
2.000000000000000111e-01 1.000000000000000000e+01 4.000000000000000000e+01
3.000000000000000444e-01 1.000000000000000000e+01 4.000000000000000000e+01
4.000000000000000222e-01 1.000000000000000000e+01 4.000000000000000000e+01
5.000000000000000000e-01 1.000000000000000000e+01 4.000000000000000000e+01
6.000000000000000888e-01 1.000000000000000000e+01 4.000000000000000000e+01
7.000000000000000666e-01 1.000000000000000000e+01 4.000000000000000000e+01
8.000000000000000444e-01 1.000000000000000000e+01 4.000000000000000000e+01
9.000000000000000222e-01 1.000000000000000000e+01 4.000000000000000000e+01
1.000000000000000000e+00 1.000000000000000000e+01 4.000000000000000000e+01
0.000000000000000000e+00 0.000000000000000000e+00 5.000000000000000000e+01
1.000000000000000056e-01 0.000000000000000000e+00 5.000000000000000000e+01
2.000000000000000111e-01 0.000000000000000000e+00 5.000000000000000000e+01
3.000000000000000444e-01 0.000000000000000000e+00 5.000000000000000000e+01
4.000000000000000222e-01 0.000000000000000000e+00 5.000000000000000000e+01
5.000000000000000000e-01 0.000000000000000000e+00 5.000000000000000000e+01
6.000000000000000888e-01 0.000000000000000000e+00 5.000000000000000000e+01
7.000000000000000666e-01 0.000000000000000000e+00 5.000000000000000000e+01
8.000000000000000444e-01 0.000000000000000000e+00 5.000000000000000000e+01
9.000000000000000222e-01 0.000000000000000000e+00 5.000000000000000000e+01
1.000000000000000000e+00 0.000000000000000000e+00 5.000000000000000000e+01
0.000000000000000000e+00 1.000000000000000000e+00 5.000000000000000000e+01
1.000000000000000056e-01 1.000000000000000000e+00 5.000000000000000000e+01
2.000000000000000111e-01 1.000000000000000000e+00 5.000000000000000000e+01
3.000000000000000444e-01 1.000000000000000000e+00 5.000000000000000000e+01
4.000000000000000222e-01 1.000000000000000000e+00 5.000000000000000000e+01
5.000000000000000000e-01 1.000000000000000000e+00 5.000000000000000000e+01
6.000000000000000888e-01 1.000000000000000000e+00 5.000000000000000000e+01
7.000000000000000666e-01 1.000000000000000000e+00 5.000000000000000000e+01
8.000000000000000444e-01 1.000000000000000000e+00 5.000000000000000000e+01
9.000000000000000222e-01 1.000000000000000000e+00 5.000000000000000000e+01
1.000000000000000000e+00 1.000000000000000000e+00 5.000000000000000000e+01
0.000000000000000000e+00 2.000000000000000000e+00 5.000000000000000000e+01
1.000000000000000056e-01 2.000000000000000000e+00 5.000000000000000000e+01
2.000000000000000111e-01 2.000000000000000000e+00 5.000000000000000000e+01
3.000000000000000444e-01 2.000000000000000000e+00 5.000000000000000000e+01
4.000000000000000222e-01 2.000000000000000000e+00 5.000000000000000000e+01
5.000000000000000000e-01 2.000000000000000000e+00 5.000000000000000000e+01
6.000000000000000888e-01 2.000000000000000000e+00 5.000000000000000000e+01
7.000000000000000666e-01 2.000000000000000000e+00 5.000000000000000000e+01
8.000000000000000444e-01 2.000000000000000000e+00 5.000000000000000000e+01
9.000000000000000222e-01 2.000000000000000000e+00 5.000000000000000000e+01
1.000000000000000000e+00 2.000000000000000000e+00 5.000000000000000000e+01
0.000000000000000000e+00 3.000000000000000000e+00 5.000000000000000000e+01
1.000000000000000056e-01 3.000000000000000000e+00 5.000000000000000000e+01
2.000000000000000111e-01 3.000000000000000000e+00 5.000000000000000000e+01
3.000000000000000444e-01 3.000000000000000000e+00 5.000000000000000000e+01
4.000000000000000222e-01 3.000000000000000000e+00 5.000000000000000000e+01
5.000000000000000000e-01 3.000000000000000000e+00 5.000000000000000000e+01
6.000000000000000888e-01 3.000000000000000000e+00 5.000000000000000000e+01
7.000000000000000666e-01 3.000000000000000000e+00 5.000000000000000000e+01
8.000000000000000444e-01 3.000000000000000000e+00 5.000000000000000000e+01
9.000000000000000222e-01 3.000000000000000000e+00 5.000000000000000000e+01
1.000000000000000000e+00 3.000000000000000000e+00 5.000000000000000000e+01
0.000000000000000000e+00 4.000000000000000000e+00 5.000000000000000000e+01
1.000000000000000056e-01 4.000000000000000000e+00 5.000000000000000000e+01
2.000000000000000111e-01 4.000000000000000000e+00 5.000000000000000000e+01
3.000000000000000444e-01 4.000000000000000000e+00 5.000000000000000000e+01
4.000000000000000222e-01 4.000000000000000000e+00 5.000000000000000000e+01
5.000000000000000000e-01 4.000000000000000000e+00 5.000000000000000000e+01
6.000000000000000888e-01 4.000000000000000000e+00 5.000000000000000000e+01
7.000000000000000666e-01 4.000000000000000000e+00 5.000000000000000000e+01
8.000000000000000444e-01 4.000000000000000000e+00 5.000000000000000000e+01
9.000000000000000222e-01 4.000000000000000000e+00 5.000000000000000000e+01
1.000000000000000000e+00 4.000000000000000000e+00 5.000000000000000000e+01
0.000000000000000000e+00 5.000000000000000000e+00 5.000000000000000000e+01
1.000000000000000056e-01 5.000000000000000000e+00 5.000000000000000000e+01
2.000000000000000111e-01 5.000000000000000000e+00 5.000000000000000000e+01
3.000000000000000444e-01 5.000000000000000000e+00 5.000000000000000000e+01
4.000000000000000222e-01 5.000000000000000000e+00 5.000000000000000000e+01
5.000000000000000000e-01 5.000000000000000000e+00 5.000000000000000000e+01
6.000000000000000888e-01 5.000000000000000000e+00 5.000000000000000000e+01
7.000000000000000666e-01 5.000000000000000000e+00 5.000000000000000000e+01
8.000000000000000444e-01 5.000000000000000000e+00 5.000000000000000000e+01
9.000000000000000222e-01 5.000000000000000000e+00 5.000000000000000000e+01
1.000000000000000000e+00 5.000000000000000000e+00 5.000000000000000000e+01
0.000000000000000000e+00 6.000000000000000000e+00 5.000000000000000000e+01
1.000000000000000056e-01 6.000000000000000000e+00 5.000000000000000000e+01
2.000000000000000111e-01 6.000000000000000000e+00 5.000000000000000000e+01
3.000000000000000444e-01 6.000000000000000000e+00 5.000000000000000000e+01
4.000000000000000222e-01 6.000000000000000000e+00 5.000000000000000000e+01
5.000000000000000000e-01 6.000000000000000000e+00 5.000000000000000000e+01
6.000000000000000888e-01 6.000000000000000000e+00 5.000000000000000000e+01
7.000000000000000666e-01 6.000000000000000000e+00 5.000000000000000000e+01
8.000000000000000444e-01 6.000000000000000000e+00 5.000000000000000000e+01
9.000000000000000222e-01 6.000000000000000000e+00 5.000000000000000000e+01
1.000000000000000000e+00 6.000000000000000000e+00 5.000000000000000000e+01
0.000000000000000000e+00 7.000000000000000000e+00 5.000000000000000000e+01
1.000000000000000056e-01 7.000000000000000000e+00 5.000000000000000000e+01
2.000000000000000111e-01 7.000000000000000000e+00 5.000000000000000000e+01
3.000000000000000444e-01 7.000000000000000000e+00 5.000000000000000000e+01
4.000000000000000222e-01 7.000000000000000000e+00 5.000000000000000000e+01
5.000000000000000000e-01 7.000000000000000000e+00 5.000000000000000000e+01
6.000000000000000888e-01 7.000000000000000000e+00 5.000000000000000000e+01
7.000000000000000666e-01 7.000000000000000000e+00 5.000000000000000000e+01
8.000000000000000444e-01 7.000000000000000000e+00 5.000000000000000000e+01
9.000000000000000222e-01 7.000000000000000000e+00 5.000000000000000000e+01
1.000000000000000000e+00 7.000000000000000000e+00 5.000000000000000000e+01
0.000000000000000000e+00 8.000000000000000000e+00 5.000000000000000000e+01
1.000000000000000056e-01 8.000000000000000000e+00 5.000000000000000000e+01
2.000000000000000111e-01 8.000000000000000000e+00 5.000000000000000000e+01
3.000000000000000444e-01 8.000000000000000000e+00 5.000000000000000000e+01
4.000000000000000222e-01 8.000000000000000000e+00 5.000000000000000000e+01
5.000000000000000000e-01 8.000000000000000000e+00 5.000000000000000000e+01
6.000000000000000888e-01 8.000000000000000000e+00 5.000000000000000000e+01
7.000000000000000666e-01 8.000000000000000000e+00 5.000000000000000000e+01
8.000000000000000444e-01 8.000000000000000000e+00 5.000000000000000000e+01
9.000000000000000222e-01 8.000000000000000000e+00 5.000000000000000000e+01
1.000000000000000000e+00 8.000000000000000000e+00 5.000000000000000000e+01
0.000000000000000000e+00 9.000000000000000000e+00 5.000000000000000000e+01
1.000000000000000056e-01 9.000000000000000000e+00 5.000000000000000000e+01
2.000000000000000111e-01 9.000000000000000000e+00 5.000000000000000000e+01
3.000000000000000444e-01 9.000000000000000000e+00 5.000000000000000000e+01
4.000000000000000222e-01 9.000000000000000000e+00 5.000000000000000000e+01
5.000000000000000000e-01 9.000000000000000000e+00 5.000000000000000000e+01
6.000000000000000888e-01 9.000000000000000000e+00 5.000000000000000000e+01
7.000000000000000666e-01 9.000000000000000000e+00 5.000000000000000000e+01
8.000000000000000444e-01 9.000000000000000000e+00 5.000000000000000000e+01
9.000000000000000222e-01 9.000000000000000000e+00 5.000000000000000000e+01
1.000000000000000000e+00 9.000000000000000000e+00 5.000000000000000000e+01
0.000000000000000000e+00 1.000000000000000000e+01 5.000000000000000000e+01
1.000000000000000056e-01 1.000000000000000000e+01 5.000000000000000000e+01
2.000000000000000111e-01 1.000000000000000000e+01 5.000000000000000000e+01
3.000000000000000444e-01 1.000000000000000000e+01 5.000000000000000000e+01
4.000000000000000222e-01 1.000000000000000000e+01 5.000000000000000000e+01
5.000000000000000000e-01 1.000000000000000000e+01 5.000000000000000000e+01
6.000000000000000888e-01 1.000000000000000000e+01 5.000000000000000000e+01
7.000000000000000666e-01 1.000000000000000000e+01 5.000000000000000000e+01
8.000000000000000444e-01 1.000000000000000000e+01 5.000000000000000000e+01
9.000000000000000222e-01 1.000000000000000000e+01 5.000000000000000000e+01
1.000000000000000000e+00 1.000000000000000000e+01 5.000000000000000000e+01
0.000000000000000000e+00 0.000000000000000000e+00 6.000000000000000000e+01
1.000000000000000056e-01 0.000000000000000000e+00 6.000000000000000000e+01
2.000000000000000111e-01 0.000000000000000000e+00 6.000000000000000000e+01
3.000000000000000444e-01 0.000000000000000000e+00 6.000000000000000000e+01
4.000000000000000222e-01 0.000000000000000000e+00 6.000000000000000000e+01
5.000000000000000000e-01 0.000000000000000000e+00 6.000000000000000000e+01
6.000000000000000888e-01 0.000000000000000000e+00 6.000000000000000000e+01
7.000000000000000666e-01 0.000000000000000000e+00 6.000000000000000000e+01
8.000000000000000444e-01 0.000000000000000000e+00 6.000000000000000000e+01
9.000000000000000222e-01 0.000000000000000000e+00 6.000000000000000000e+01
1.000000000000000000e+00 0.000000000000000000e+00 6.000000000000000000e+01
0.000000000000000000e+00 1.000000000000000000e+00 6.000000000000000000e+01
1.000000000000000056e-01 1.000000000000000000e+00 6.000000000000000000e+01
2.000000000000000111e-01 1.000000000000000000e+00 6.000000000000000000e+01
3.000000000000000444e-01 1.000000000000000000e+00 6.000000000000000000e+01
4.000000000000000222e-01 1.000000000000000000e+00 6.000000000000000000e+01
5.000000000000000000e-01 1.000000000000000000e+00 6.000000000000000000e+01
6.000000000000000888e-01 1.000000000000000000e+00 6.000000000000000000e+01
7.000000000000000666e-01 1.000000000000000000e+00 6.000000000000000000e+01
8.000000000000000444e-01 1.000000000000000000e+00 6.000000000000000000e+01
9.000000000000000222e-01 1.000000000000000000e+00 6.000000000000000000e+01
1.000000000000000000e+00 1.000000000000000000e+00 6.000000000000000000e+01
0.000000000000000000e+00 2.000000000000000000e+00 6.000000000000000000e+01
1.000000000000000056e-01 2.000000000000000000e+00 6.000000000000000000e+01
2.000000000000000111e-01 2.000000000000000000e+00 6.000000000000000000e+01
3.000000000000000444e-01 2.000000000000000000e+00 6.000000000000000000e+01
4.000000000000000222e-01 2.000000000000000000e+00 6.000000000000000000e+01
5.000000000000000000e-01 2.000000000000000000e+00 6.000000000000000000e+01
6.000000000000000888e-01 2.000000000000000000e+00 6.000000000000000000e+01
7.000000000000000666e-01 2.000000000000000000e+00 6.000000000000000000e+01
8.000000000000000444e-01 2.000000000000000000e+00 6.000000000000000000e+01
9.000000000000000222e-01 2.000000000000000000e+00 6.000000000000000000e+01
1.000000000000000000e+00 2.000000000000000000e+00 6.000000000000000000e+01
0.000000000000000000e+00 3.000000000000000000e+00 6.000000000000000000e+01
1.000000000000000056e-01 3.000000000000000000e+00 6.000000000000000000e+01
2.000000000000000111e-01 3.000000000000000000e+00 6.000000000000000000e+01
3.000000000000000444e-01 3.000000000000000000e+00 6.000000000000000000e+01
4.000000000000000222e-01 3.000000000000000000e+00 6.000000000000000000e+01
5.000000000000000000e-01 3.000000000000000000e+00 6.000000000000000000e+01
6.000000000000000888e-01 3.000000000000000000e+00 6.000000000000000000e+01
7.000000000000000666e-01 3.000000000000000000e+00 6.000000000000000000e+01
8.000000000000000444e-01 3.000000000000000000e+00 6.000000000000000000e+01
9.000000000000000222e-01 3.000000000000000000e+00 6.000000000000000000e+01
1.000000000000000000e+00 3.000000000000000000e+00 6.000000000000000000e+01
0.000000000000000000e+00 4.000000000000000000e+00 6.000000000000000000e+01
1.000000000000000056e-01 4.000000000000000000e+00 6.000000000000000000e+01
2.000000000000000111e-01 4.000000000000000000e+00 6.000000000000000000e+01
3.000000000000000444e-01 4.000000000000000000e+00 6.000000000000000000e+01
4.000000000000000222e-01 4.000000000000000000e+00 6.000000000000000000e+01
5.000000000000000000e-01 4.000000000000000000e+00 6.000000000000000000e+01
6.000000000000000888e-01 4.000000000000000000e+00 6.000000000000000000e+01
7.000000000000000666e-01 4.000000000000000000e+00 6.000000000000000000e+01
8.000000000000000444e-01 4.000000000000000000e+00 6.000000000000000000e+01
9.000000000000000222e-01 4.000000000000000000e+00 6.000000000000000000e+01
1.000000000000000000e+00 4.000000000000000000e+00 6.000000000000000000e+01
0.000000000000000000e+00 5.000000000000000000e+00 6.000000000000000000e+01
1.000000000000000056e-01 5.000000000000000000e+00 6.000000000000000000e+01
2.000000000000000111e-01 5.000000000000000000e+00 6.000000000000000000e+01
3.000000000000000444e-01 5.000000000000000000e+00 6.000000000000000000e+01
4.000000000000000222e-01 5.000000000000000000e+00 6.000000000000000000e+01
5.000000000000000000e-01 5.000000000000000000e+00 6.000000000000000000e+01
6.000000000000000888e-01 5.000000000000000000e+00 6.000000000000000000e+01
7.000000000000000666e-01 5.000000000000000000e+00 6.000000000000000000e+01
8.000000000000000444e-01 5.000000000000000000e+00 6.000000000000000000e+01
9.000000000000000222e-01 5.000000000000000000e+00 6.000000000000000000e+01
1.000000000000000000e+00 5.000000000000000000e+00 6.000000000000000000e+01
0.000000000000000000e+00 6.000000000000000000e+00 6.000000000000000000e+01
1.000000000000000056e-01 6.000000000000000000e+00 6.000000000000000000e+01
2.000000000000000111e-01 6.000000000000000000e+00 6.000000000000000000e+01
3.000000000000000444e-01 6.000000000000000000e+00 6.000000000000000000e+01
4.000000000000000222e-01 6.000000000000000000e+00 6.000000000000000000e+01
5.000000000000000000e-01 6.000000000000000000e+00 6.000000000000000000e+01
6.000000000000000888e-01 6.000000000000000000e+00 6.000000000000000000e+01
7.000000000000000666e-01 6.000000000000000000e+00 6.000000000000000000e+01
8.000000000000000444e-01 6.000000000000000000e+00 6.000000000000000000e+01
9.000000000000000222e-01 6.000000000000000000e+00 6.000000000000000000e+01
1.000000000000000000e+00 6.000000000000000000e+00 6.000000000000000000e+01
0.000000000000000000e+00 7.000000000000000000e+00 6.000000000000000000e+01
1.000000000000000056e-01 7.000000000000000000e+00 6.000000000000000000e+01
2.000000000000000111e-01 7.000000000000000000e+00 6.000000000000000000e+01
3.000000000000000444e-01 7.000000000000000000e+00 6.000000000000000000e+01
4.000000000000000222e-01 7.000000000000000000e+00 6.000000000000000000e+01
5.000000000000000000e-01 7.000000000000000000e+00 6.000000000000000000e+01
6.000000000000000888e-01 7.000000000000000000e+00 6.000000000000000000e+01
7.000000000000000666e-01 7.000000000000000000e+00 6.000000000000000000e+01
8.000000000000000444e-01 7.000000000000000000e+00 6.000000000000000000e+01
9.000000000000000222e-01 7.000000000000000000e+00 6.000000000000000000e+01
1.000000000000000000e+00 7.000000000000000000e+00 6.000000000000000000e+01
0.000000000000000000e+00 8.000000000000000000e+00 6.000000000000000000e+01
1.000000000000000056e-01 8.000000000000000000e+00 6.000000000000000000e+01
2.000000000000000111e-01 8.000000000000000000e+00 6.000000000000000000e+01
3.000000000000000444e-01 8.000000000000000000e+00 6.000000000000000000e+01
4.000000000000000222e-01 8.000000000000000000e+00 6.000000000000000000e+01
5.000000000000000000e-01 8.000000000000000000e+00 6.000000000000000000e+01
6.000000000000000888e-01 8.000000000000000000e+00 6.000000000000000000e+01
7.000000000000000666e-01 8.000000000000000000e+00 6.000000000000000000e+01
8.000000000000000444e-01 8.000000000000000000e+00 6.000000000000000000e+01
9.000000000000000222e-01 8.000000000000000000e+00 6.000000000000000000e+01
1.000000000000000000e+00 8.000000000000000000e+00 6.000000000000000000e+01
0.000000000000000000e+00 9.000000000000000000e+00 6.000000000000000000e+01
1.000000000000000056e-01 9.000000000000000000e+00 6.000000000000000000e+01
2.000000000000000111e-01 9.000000000000000000e+00 6.000000000000000000e+01
3.000000000000000444e-01 9.000000000000000000e+00 6.000000000000000000e+01
4.000000000000000222e-01 9.000000000000000000e+00 6.000000000000000000e+01
5.000000000000000000e-01 9.000000000000000000e+00 6.000000000000000000e+01
6.000000000000000888e-01 9.000000000000000000e+00 6.000000000000000000e+01
7.000000000000000666e-01 9.000000000000000000e+00 6.000000000000000000e+01
8.000000000000000444e-01 9.000000000000000000e+00 6.000000000000000000e+01
9.000000000000000222e-01 9.000000000000000000e+00 6.000000000000000000e+01
1.000000000000000000e+00 9.000000000000000000e+00 6.000000000000000000e+01
0.000000000000000000e+00 1.000000000000000000e+01 6.000000000000000000e+01
1.000000000000000056e-01 1.000000000000000000e+01 6.000000000000000000e+01
2.000000000000000111e-01 1.000000000000000000e+01 6.000000000000000000e+01
3.000000000000000444e-01 1.000000000000000000e+01 6.000000000000000000e+01
4.000000000000000222e-01 1.000000000000000000e+01 6.000000000000000000e+01
5.000000000000000000e-01 1.000000000000000000e+01 6.000000000000000000e+01
6.000000000000000888e-01 1.000000000000000000e+01 6.000000000000000000e+01
7.000000000000000666e-01 1.000000000000000000e+01 6.000000000000000000e+01
8.000000000000000444e-01 1.000000000000000000e+01 6.000000000000000000e+01
9.000000000000000222e-01 1.000000000000000000e+01 6.000000000000000000e+01
1.000000000000000000e+00 1.000000000000000000e+01 6.000000000000000000e+01
0.000000000000000000e+00 0.000000000000000000e+00 7.000000000000000000e+01
1.000000000000000056e-01 0.000000000000000000e+00 7.000000000000000000e+01
2.000000000000000111e-01 0.000000000000000000e+00 7.000000000000000000e+01
3.000000000000000444e-01 0.000000000000000000e+00 7.000000000000000000e+01
4.000000000000000222e-01 0.000000000000000000e+00 7.000000000000000000e+01
5.000000000000000000e-01 0.000000000000000000e+00 7.000000000000000000e+01
6.000000000000000888e-01 0.000000000000000000e+00 7.000000000000000000e+01
7.000000000000000666e-01 0.000000000000000000e+00 7.000000000000000000e+01
8.000000000000000444e-01 0.000000000000000000e+00 7.000000000000000000e+01
9.000000000000000222e-01 0.000000000000000000e+00 7.000000000000000000e+01
1.000000000000000000e+00 0.000000000000000000e+00 7.000000000000000000e+01
0.000000000000000000e+00 1.000000000000000000e+00 7.000000000000000000e+01
1.000000000000000056e-01 1.000000000000000000e+00 7.000000000000000000e+01
2.000000000000000111e-01 1.000000000000000000e+00 7.000000000000000000e+01
3.000000000000000444e-01 1.000000000000000000e+00 7.000000000000000000e+01
4.000000000000000222e-01 1.000000000000000000e+00 7.000000000000000000e+01
5.000000000000000000e-01 1.000000000000000000e+00 7.000000000000000000e+01
6.000000000000000888e-01 1.000000000000000000e+00 7.000000000000000000e+01
7.000000000000000666e-01 1.000000000000000000e+00 7.000000000000000000e+01
8.000000000000000444e-01 1.000000000000000000e+00 7.000000000000000000e+01
9.000000000000000222e-01 1.000000000000000000e+00 7.000000000000000000e+01
1.000000000000000000e+00 1.000000000000000000e+00 7.000000000000000000e+01
0.000000000000000000e+00 2.000000000000000000e+00 7.000000000000000000e+01
1.000000000000000056e-01 2.000000000000000000e+00 7.000000000000000000e+01
2.000000000000000111e-01 2.000000000000000000e+00 7.000000000000000000e+01
3.000000000000000444e-01 2.000000000000000000e+00 7.000000000000000000e+01
4.000000000000000222e-01 2.000000000000000000e+00 7.000000000000000000e+01
5.000000000000000000e-01 2.000000000000000000e+00 7.000000000000000000e+01
6.000000000000000888e-01 2.000000000000000000e+00 7.000000000000000000e+01
7.000000000000000666e-01 2.000000000000000000e+00 7.000000000000000000e+01
8.000000000000000444e-01 2.000000000000000000e+00 7.000000000000000000e+01
9.000000000000000222e-01 2.000000000000000000e+00 7.000000000000000000e+01
1.000000000000000000e+00 2.000000000000000000e+00 7.000000000000000000e+01
0.000000000000000000e+00 3.000000000000000000e+00 7.000000000000000000e+01
1.000000000000000056e-01 3.000000000000000000e+00 7.000000000000000000e+01
2.000000000000000111e-01 3.000000000000000000e+00 7.000000000000000000e+01
3.000000000000000444e-01 3.000000000000000000e+00 7.000000000000000000e+01
4.000000000000000222e-01 3.000000000000000000e+00 7.000000000000000000e+01
5.000000000000000000e-01 3.000000000000000000e+00 7.000000000000000000e+01
6.000000000000000888e-01 3.000000000000000000e+00 7.000000000000000000e+01
7.000000000000000666e-01 3.000000000000000000e+00 7.000000000000000000e+01
8.000000000000000444e-01 3.000000000000000000e+00 7.000000000000000000e+01
9.000000000000000222e-01 3.000000000000000000e+00 7.000000000000000000e+01
1.000000000000000000e+00 3.000000000000000000e+00 7.000000000000000000e+01
0.000000000000000000e+00 4.000000000000000000e+00 7.000000000000000000e+01
1.000000000000000056e-01 4.000000000000000000e+00 7.000000000000000000e+01
2.000000000000000111e-01 4.000000000000000000e+00 7.000000000000000000e+01
3.000000000000000444e-01 4.000000000000000000e+00 7.000000000000000000e+01
4.000000000000000222e-01 4.000000000000000000e+00 7.000000000000000000e+01
5.000000000000000000e-01 4.000000000000000000e+00 7.000000000000000000e+01
6.000000000000000888e-01 4.000000000000000000e+00 7.000000000000000000e+01
7.000000000000000666e-01 4.000000000000000000e+00 7.000000000000000000e+01
8.000000000000000444e-01 4.000000000000000000e+00 7.000000000000000000e+01
9.000000000000000222e-01 4.000000000000000000e+00 7.000000000000000000e+01
1.000000000000000000e+00 4.000000000000000000e+00 7.000000000000000000e+01
0.000000000000000000e+00 5.000000000000000000e+00 7.000000000000000000e+01
1.000000000000000056e-01 5.000000000000000000e+00 7.000000000000000000e+01
2.000000000000000111e-01 5.000000000000000000e+00 7.000000000000000000e+01
3.000000000000000444e-01 5.000000000000000000e+00 7.000000000000000000e+01
4.000000000000000222e-01 5.000000000000000000e+00 7.000000000000000000e+01
5.000000000000000000e-01 5.000000000000000000e+00 7.000000000000000000e+01
6.000000000000000888e-01 5.000000000000000000e+00 7.000000000000000000e+01
7.000000000000000666e-01 5.000000000000000000e+00 7.000000000000000000e+01
8.000000000000000444e-01 5.000000000000000000e+00 7.000000000000000000e+01
9.000000000000000222e-01 5.000000000000000000e+00 7.000000000000000000e+01
1.000000000000000000e+00 5.000000000000000000e+00 7.000000000000000000e+01
0.000000000000000000e+00 6.000000000000000000e+00 7.000000000000000000e+01
1.000000000000000056e-01 6.000000000000000000e+00 7.000000000000000000e+01
2.000000000000000111e-01 6.000000000000000000e+00 7.000000000000000000e+01
3.000000000000000444e-01 6.000000000000000000e+00 7.000000000000000000e+01
4.000000000000000222e-01 6.000000000000000000e+00 7.000000000000000000e+01
5.000000000000000000e-01 6.000000000000000000e+00 7.000000000000000000e+01
6.000000000000000888e-01 6.000000000000000000e+00 7.000000000000000000e+01
7.000000000000000666e-01 6.000000000000000000e+00 7.000000000000000000e+01
8.000000000000000444e-01 6.000000000000000000e+00 7.000000000000000000e+01
9.000000000000000222e-01 6.000000000000000000e+00 7.000000000000000000e+01
1.000000000000000000e+00 6.000000000000000000e+00 7.000000000000000000e+01
0.000000000000000000e+00 7.000000000000000000e+00 7.000000000000000000e+01
1.000000000000000056e-01 7.000000000000000000e+00 7.000000000000000000e+01
2.000000000000000111e-01 7.000000000000000000e+00 7.000000000000000000e+01
3.000000000000000444e-01 7.000000000000000000e+00 7.000000000000000000e+01
4.000000000000000222e-01 7.000000000000000000e+00 7.000000000000000000e+01
5.000000000000000000e-01 7.000000000000000000e+00 7.000000000000000000e+01
6.000000000000000888e-01 7.000000000000000000e+00 7.000000000000000000e+01
7.000000000000000666e-01 7.000000000000000000e+00 7.000000000000000000e+01
8.000000000000000444e-01 7.000000000000000000e+00 7.000000000000000000e+01
9.000000000000000222e-01 7.000000000000000000e+00 7.000000000000000000e+01
1.000000000000000000e+00 7.000000000000000000e+00 7.000000000000000000e+01
0.000000000000000000e+00 8.000000000000000000e+00 7.000000000000000000e+01
1.000000000000000056e-01 8.000000000000000000e+00 7.000000000000000000e+01
2.000000000000000111e-01 8.000000000000000000e+00 7.000000000000000000e+01
3.000000000000000444e-01 8.000000000000000000e+00 7.000000000000000000e+01
4.000000000000000222e-01 8.000000000000000000e+00 7.000000000000000000e+01
5.000000000000000000e-01 8.000000000000000000e+00 7.000000000000000000e+01
6.000000000000000888e-01 8.000000000000000000e+00 7.000000000000000000e+01
7.000000000000000666e-01 8.000000000000000000e+00 7.000000000000000000e+01
8.000000000000000444e-01 8.000000000000000000e+00 7.000000000000000000e+01
9.000000000000000222e-01 8.000000000000000000e+00 7.000000000000000000e+01
1.000000000000000000e+00 8.000000000000000000e+00 7.000000000000000000e+01
0.000000000000000000e+00 9.000000000000000000e+00 7.000000000000000000e+01
1.000000000000000056e-01 9.000000000000000000e+00 7.000000000000000000e+01
2.000000000000000111e-01 9.000000000000000000e+00 7.000000000000000000e+01
3.000000000000000444e-01 9.000000000000000000e+00 7.000000000000000000e+01
4.000000000000000222e-01 9.000000000000000000e+00 7.000000000000000000e+01
5.000000000000000000e-01 9.000000000000000000e+00 7.000000000000000000e+01
6.000000000000000888e-01 9.000000000000000000e+00 7.000000000000000000e+01
7.000000000000000666e-01 9.000000000000000000e+00 7.000000000000000000e+01
8.000000000000000444e-01 9.000000000000000000e+00 7.000000000000000000e+01
9.000000000000000222e-01 9.000000000000000000e+00 7.000000000000000000e+01
1.000000000000000000e+00 9.000000000000000000e+00 7.000000000000000000e+01
0.000000000000000000e+00 1.000000000000000000e+01 7.000000000000000000e+01
1.000000000000000056e-01 1.000000000000000000e+01 7.000000000000000000e+01
2.000000000000000111e-01 1.000000000000000000e+01 7.000000000000000000e+01
3.000000000000000444e-01 1.000000000000000000e+01 7.000000000000000000e+01
4.000000000000000222e-01 1.000000000000000000e+01 7.000000000000000000e+01
5.000000000000000000e-01 1.000000000000000000e+01 7.000000000000000000e+01
6.000000000000000888e-01 1.000000000000000000e+01 7.000000000000000000e+01
7.000000000000000666e-01 1.000000000000000000e+01 7.000000000000000000e+01
8.000000000000000444e-01 1.000000000000000000e+01 7.000000000000000000e+01
9.000000000000000222e-01 1.000000000000000000e+01 7.000000000000000000e+01
1.000000000000000000e+00 1.000000000000000000e+01 7.000000000000000000e+01
0.000000000000000000e+00 0.000000000000000000e+00 8.000000000000000000e+01
1.000000000000000056e-01 0.000000000000000000e+00 8.000000000000000000e+01
2.000000000000000111e-01 0.000000000000000000e+00 8.000000000000000000e+01
3.000000000000000444e-01 0.000000000000000000e+00 8.000000000000000000e+01
4.000000000000000222e-01 0.000000000000000000e+00 8.000000000000000000e+01
5.000000000000000000e-01 0.000000000000000000e+00 8.000000000000000000e+01
6.000000000000000888e-01 0.000000000000000000e+00 8.000000000000000000e+01
7.000000000000000666e-01 0.000000000000000000e+00 8.000000000000000000e+01
8.000000000000000444e-01 0.000000000000000000e+00 8.000000000000000000e+01
9.000000000000000222e-01 0.000000000000000000e+00 8.000000000000000000e+01
1.000000000000000000e+00 0.000000000000000000e+00 8.000000000000000000e+01
0.000000000000000000e+00 1.000000000000000000e+00 8.000000000000000000e+01
1.000000000000000056e-01 1.000000000000000000e+00 8.000000000000000000e+01
2.000000000000000111e-01 1.000000000000000000e+00 8.000000000000000000e+01
3.000000000000000444e-01 1.000000000000000000e+00 8.000000000000000000e+01
4.000000000000000222e-01 1.000000000000000000e+00 8.000000000000000000e+01
5.000000000000000000e-01 1.000000000000000000e+00 8.000000000000000000e+01
6.000000000000000888e-01 1.000000000000000000e+00 8.000000000000000000e+01
7.000000000000000666e-01 1.000000000000000000e+00 8.000000000000000000e+01
8.000000000000000444e-01 1.000000000000000000e+00 8.000000000000000000e+01
9.000000000000000222e-01 1.000000000000000000e+00 8.000000000000000000e+01
1.000000000000000000e+00 1.000000000000000000e+00 8.000000000000000000e+01
0.000000000000000000e+00 2.000000000000000000e+00 8.000000000000000000e+01
1.000000000000000056e-01 2.000000000000000000e+00 8.000000000000000000e+01
2.000000000000000111e-01 2.000000000000000000e+00 8.000000000000000000e+01
3.000000000000000444e-01 2.000000000000000000e+00 8.000000000000000000e+01
4.000000000000000222e-01 2.000000000000000000e+00 8.000000000000000000e+01
5.000000000000000000e-01 2.000000000000000000e+00 8.000000000000000000e+01
6.000000000000000888e-01 2.000000000000000000e+00 8.000000000000000000e+01
7.000000000000000666e-01 2.000000000000000000e+00 8.000000000000000000e+01
8.000000000000000444e-01 2.000000000000000000e+00 8.000000000000000000e+01
9.000000000000000222e-01 2.000000000000000000e+00 8.000000000000000000e+01
1.000000000000000000e+00 2.000000000000000000e+00 8.000000000000000000e+01
0.000000000000000000e+00 3.000000000000000000e+00 8.000000000000000000e+01
1.000000000000000056e-01 3.000000000000000000e+00 8.000000000000000000e+01
2.000000000000000111e-01 3.000000000000000000e+00 8.000000000000000000e+01
3.000000000000000444e-01 3.000000000000000000e+00 8.000000000000000000e+01
4.000000000000000222e-01 3.000000000000000000e+00 8.000000000000000000e+01
5.000000000000000000e-01 3.000000000000000000e+00 8.000000000000000000e+01
6.000000000000000888e-01 3.000000000000000000e+00 8.000000000000000000e+01
7.000000000000000666e-01 3.000000000000000000e+00 8.000000000000000000e+01
8.000000000000000444e-01 3.000000000000000000e+00 8.000000000000000000e+01
9.000000000000000222e-01 3.000000000000000000e+00 8.000000000000000000e+01
1.000000000000000000e+00 3.000000000000000000e+00 8.000000000000000000e+01
0.000000000000000000e+00 4.000000000000000000e+00 8.000000000000000000e+01
1.000000000000000056e-01 4.000000000000000000e+00 8.000000000000000000e+01
2.000000000000000111e-01 4.000000000000000000e+00 8.000000000000000000e+01
3.000000000000000444e-01 4.000000000000000000e+00 8.000000000000000000e+01
4.000000000000000222e-01 4.000000000000000000e+00 8.000000000000000000e+01
5.000000000000000000e-01 4.000000000000000000e+00 8.000000000000000000e+01
6.000000000000000888e-01 4.000000000000000000e+00 8.000000000000000000e+01
7.000000000000000666e-01 4.000000000000000000e+00 8.000000000000000000e+01
8.000000000000000444e-01 4.000000000000000000e+00 8.000000000000000000e+01
9.000000000000000222e-01 4.000000000000000000e+00 8.000000000000000000e+01
1.000000000000000000e+00 4.000000000000000000e+00 8.000000000000000000e+01
0.000000000000000000e+00 5.000000000000000000e+00 8.000000000000000000e+01
1.000000000000000056e-01 5.000000000000000000e+00 8.000000000000000000e+01
2.000000000000000111e-01 5.000000000000000000e+00 8.000000000000000000e+01
3.000000000000000444e-01 5.000000000000000000e+00 8.000000000000000000e+01
4.000000000000000222e-01 5.000000000000000000e+00 8.000000000000000000e+01
5.000000000000000000e-01 5.000000000000000000e+00 8.000000000000000000e+01
6.000000000000000888e-01 5.000000000000000000e+00 8.000000000000000000e+01
7.000000000000000666e-01 5.000000000000000000e+00 8.000000000000000000e+01
8.000000000000000444e-01 5.000000000000000000e+00 8.000000000000000000e+01
9.000000000000000222e-01 5.000000000000000000e+00 8.000000000000000000e+01
1.000000000000000000e+00 5.000000000000000000e+00 8.000000000000000000e+01
0.000000000000000000e+00 6.000000000000000000e+00 8.000000000000000000e+01
1.000000000000000056e-01 6.000000000000000000e+00 8.000000000000000000e+01
2.000000000000000111e-01 6.000000000000000000e+00 8.000000000000000000e+01
3.000000000000000444e-01 6.000000000000000000e+00 8.000000000000000000e+01
4.000000000000000222e-01 6.000000000000000000e+00 8.000000000000000000e+01
5.000000000000000000e-01 6.000000000000000000e+00 8.000000000000000000e+01
6.000000000000000888e-01 6.000000000000000000e+00 8.000000000000000000e+01
7.000000000000000666e-01 6.000000000000000000e+00 8.000000000000000000e+01
8.000000000000000444e-01 6.000000000000000000e+00 8.000000000000000000e+01
9.000000000000000222e-01 6.000000000000000000e+00 8.000000000000000000e+01
1.000000000000000000e+00 6.000000000000000000e+00 8.000000000000000000e+01
0.000000000000000000e+00 7.000000000000000000e+00 8.000000000000000000e+01
1.000000000000000056e-01 7.000000000000000000e+00 8.000000000000000000e+01
2.000000000000000111e-01 7.000000000000000000e+00 8.000000000000000000e+01
3.000000000000000444e-01 7.000000000000000000e+00 8.000000000000000000e+01
4.000000000000000222e-01 7.000000000000000000e+00 8.000000000000000000e+01
5.000000000000000000e-01 7.000000000000000000e+00 8.000000000000000000e+01
6.000000000000000888e-01 7.000000000000000000e+00 8.000000000000000000e+01
7.000000000000000666e-01 7.000000000000000000e+00 8.000000000000000000e+01
8.000000000000000444e-01 7.000000000000000000e+00 8.000000000000000000e+01
9.000000000000000222e-01 7.000000000000000000e+00 8.000000000000000000e+01
1.000000000000000000e+00 7.000000000000000000e+00 8.000000000000000000e+01
0.000000000000000000e+00 8.000000000000000000e+00 8.000000000000000000e+01
1.000000000000000056e-01 8.000000000000000000e+00 8.000000000000000000e+01
2.000000000000000111e-01 8.000000000000000000e+00 8.000000000000000000e+01
3.000000000000000444e-01 8.000000000000000000e+00 8.000000000000000000e+01
4.000000000000000222e-01 8.000000000000000000e+00 8.000000000000000000e+01
5.000000000000000000e-01 8.000000000000000000e+00 8.000000000000000000e+01
6.000000000000000888e-01 8.000000000000000000e+00 8.000000000000000000e+01
7.000000000000000666e-01 8.000000000000000000e+00 8.000000000000000000e+01
8.000000000000000444e-01 8.000000000000000000e+00 8.000000000000000000e+01
9.000000000000000222e-01 8.000000000000000000e+00 8.000000000000000000e+01
1.000000000000000000e+00 8.000000000000000000e+00 8.000000000000000000e+01
0.000000000000000000e+00 9.000000000000000000e+00 8.000000000000000000e+01
1.000000000000000056e-01 9.000000000000000000e+00 8.000000000000000000e+01
2.000000000000000111e-01 9.000000000000000000e+00 8.000000000000000000e+01
3.000000000000000444e-01 9.000000000000000000e+00 8.000000000000000000e+01
4.000000000000000222e-01 9.000000000000000000e+00 8.000000000000000000e+01
5.000000000000000000e-01 9.000000000000000000e+00 8.000000000000000000e+01
6.000000000000000888e-01 9.000000000000000000e+00 8.000000000000000000e+01
7.000000000000000666e-01 9.000000000000000000e+00 8.000000000000000000e+01
8.000000000000000444e-01 9.000000000000000000e+00 8.000000000000000000e+01
9.000000000000000222e-01 9.000000000000000000e+00 8.000000000000000000e+01
1.000000000000000000e+00 9.000000000000000000e+00 8.000000000000000000e+01
0.000000000000000000e+00 1.000000000000000000e+01 8.000000000000000000e+01
1.000000000000000056e-01 1.000000000000000000e+01 8.000000000000000000e+01
2.000000000000000111e-01 1.000000000000000000e+01 8.000000000000000000e+01
3.000000000000000444e-01 1.000000000000000000e+01 8.000000000000000000e+01
4.000000000000000222e-01 1.000000000000000000e+01 8.000000000000000000e+01
5.000000000000000000e-01 1.000000000000000000e+01 8.000000000000000000e+01
6.000000000000000888e-01 1.000000000000000000e+01 8.000000000000000000e+01
7.000000000000000666e-01 1.000000000000000000e+01 8.000000000000000000e+01
8.000000000000000444e-01 1.000000000000000000e+01 8.000000000000000000e+01
9.000000000000000222e-01 1.000000000000000000e+01 8.000000000000000000e+01
1.000000000000000000e+00 1.000000000000000000e+01 8.000000000000000000e+01
0.000000000000000000e+00 0.000000000000000000e+00 9.000000000000000000e+01
1.000000000000000056e-01 0.000000000000000000e+00 9.000000000000000000e+01
2.000000000000000111e-01 0.000000000000000000e+00 9.000000000000000000e+01
3.000000000000000444e-01 0.000000000000000000e+00 9.000000000000000000e+01
4.000000000000000222e-01 0.000000000000000000e+00 9.000000000000000000e+01
5.000000000000000000e-01 0.000000000000000000e+00 9.000000000000000000e+01
6.000000000000000888e-01 0.000000000000000000e+00 9.000000000000000000e+01
7.000000000000000666e-01 0.000000000000000000e+00 9.000000000000000000e+01
8.000000000000000444e-01 0.000000000000000000e+00 9.000000000000000000e+01
9.000000000000000222e-01 0.000000000000000000e+00 9.000000000000000000e+01
1.000000000000000000e+00 0.000000000000000000e+00 9.000000000000000000e+01
0.000000000000000000e+00 1.000000000000000000e+00 9.000000000000000000e+01
1.000000000000000056e-01 1.000000000000000000e+00 9.000000000000000000e+01
2.000000000000000111e-01 1.000000000000000000e+00 9.000000000000000000e+01
3.000000000000000444e-01 1.000000000000000000e+00 9.000000000000000000e+01
4.000000000000000222e-01 1.000000000000000000e+00 9.000000000000000000e+01
5.000000000000000000e-01 1.000000000000000000e+00 9.000000000000000000e+01
6.000000000000000888e-01 1.000000000000000000e+00 9.000000000000000000e+01
7.000000000000000666e-01 1.000000000000000000e+00 9.000000000000000000e+01
8.000000000000000444e-01 1.000000000000000000e+00 9.000000000000000000e+01
9.000000000000000222e-01 1.000000000000000000e+00 9.000000000000000000e+01
1.000000000000000000e+00 1.000000000000000000e+00 9.000000000000000000e+01
0.000000000000000000e+00 2.000000000000000000e+00 9.000000000000000000e+01
1.000000000000000056e-01 2.000000000000000000e+00 9.000000000000000000e+01
2.000000000000000111e-01 2.000000000000000000e+00 9.000000000000000000e+01
3.000000000000000444e-01 2.000000000000000000e+00 9.000000000000000000e+01
4.000000000000000222e-01 2.000000000000000000e+00 9.000000000000000000e+01
5.000000000000000000e-01 2.000000000000000000e+00 9.000000000000000000e+01
6.000000000000000888e-01 2.000000000000000000e+00 9.000000000000000000e+01
7.000000000000000666e-01 2.000000000000000000e+00 9.000000000000000000e+01
8.000000000000000444e-01 2.000000000000000000e+00 9.000000000000000000e+01
9.000000000000000222e-01 2.000000000000000000e+00 9.000000000000000000e+01
1.000000000000000000e+00 2.000000000000000000e+00 9.000000000000000000e+01
0.000000000000000000e+00 3.000000000000000000e+00 9.000000000000000000e+01
1.000000000000000056e-01 3.000000000000000000e+00 9.000000000000000000e+01
2.000000000000000111e-01 3.000000000000000000e+00 9.000000000000000000e+01
3.000000000000000444e-01 3.000000000000000000e+00 9.000000000000000000e+01
4.000000000000000222e-01 3.000000000000000000e+00 9.000000000000000000e+01
5.000000000000000000e-01 3.000000000000000000e+00 9.000000000000000000e+01
6.000000000000000888e-01 3.000000000000000000e+00 9.000000000000000000e+01
7.000000000000000666e-01 3.000000000000000000e+00 9.000000000000000000e+01
8.000000000000000444e-01 3.000000000000000000e+00 9.000000000000000000e+01
9.000000000000000222e-01 3.000000000000000000e+00 9.000000000000000000e+01
1.000000000000000000e+00 3.000000000000000000e+00 9.000000000000000000e+01
0.000000000000000000e+00 4.000000000000000000e+00 9.000000000000000000e+01
1.000000000000000056e-01 4.000000000000000000e+00 9.000000000000000000e+01
2.000000000000000111e-01 4.000000000000000000e+00 9.000000000000000000e+01
3.000000000000000444e-01 4.000000000000000000e+00 9.000000000000000000e+01
4.000000000000000222e-01 4.000000000000000000e+00 9.000000000000000000e+01
5.000000000000000000e-01 4.000000000000000000e+00 9.000000000000000000e+01
6.000000000000000888e-01 4.000000000000000000e+00 9.000000000000000000e+01
7.000000000000000666e-01 4.000000000000000000e+00 9.000000000000000000e+01
8.000000000000000444e-01 4.000000000000000000e+00 9.000000000000000000e+01
9.000000000000000222e-01 4.000000000000000000e+00 9.000000000000000000e+01
1.000000000000000000e+00 4.000000000000000000e+00 9.000000000000000000e+01
0.000000000000000000e+00 5.000000000000000000e+00 9.000000000000000000e+01
1.000000000000000056e-01 5.000000000000000000e+00 9.000000000000000000e+01
2.000000000000000111e-01 5.000000000000000000e+00 9.000000000000000000e+01
3.000000000000000444e-01 5.000000000000000000e+00 9.000000000000000000e+01
4.000000000000000222e-01 5.000000000000000000e+00 9.000000000000000000e+01
5.000000000000000000e-01 5.000000000000000000e+00 9.000000000000000000e+01
6.000000000000000888e-01 5.000000000000000000e+00 9.000000000000000000e+01
7.000000000000000666e-01 5.000000000000000000e+00 9.000000000000000000e+01
8.000000000000000444e-01 5.000000000000000000e+00 9.000000000000000000e+01
9.000000000000000222e-01 5.000000000000000000e+00 9.000000000000000000e+01
1.000000000000000000e+00 5.000000000000000000e+00 9.000000000000000000e+01
0.000000000000000000e+00 6.000000000000000000e+00 9.000000000000000000e+01
1.000000000000000056e-01 6.000000000000000000e+00 9.000000000000000000e+01
2.000000000000000111e-01 6.000000000000000000e+00 9.000000000000000000e+01
3.000000000000000444e-01 6.000000000000000000e+00 9.000000000000000000e+01
4.000000000000000222e-01 6.000000000000000000e+00 9.000000000000000000e+01
5.000000000000000000e-01 6.000000000000000000e+00 9.000000000000000000e+01
6.000000000000000888e-01 6.000000000000000000e+00 9.000000000000000000e+01
7.000000000000000666e-01 6.000000000000000000e+00 9.000000000000000000e+01
8.000000000000000444e-01 6.000000000000000000e+00 9.000000000000000000e+01
9.000000000000000222e-01 6.000000000000000000e+00 9.000000000000000000e+01
1.000000000000000000e+00 6.000000000000000000e+00 9.000000000000000000e+01
0.000000000000000000e+00 7.000000000000000000e+00 9.000000000000000000e+01
1.000000000000000056e-01 7.000000000000000000e+00 9.000000000000000000e+01
2.000000000000000111e-01 7.000000000000000000e+00 9.000000000000000000e+01
3.000000000000000444e-01 7.000000000000000000e+00 9.000000000000000000e+01
4.000000000000000222e-01 7.000000000000000000e+00 9.000000000000000000e+01
5.000000000000000000e-01 7.000000000000000000e+00 9.000000000000000000e+01
6.000000000000000888e-01 7.000000000000000000e+00 9.000000000000000000e+01
7.000000000000000666e-01 7.000000000000000000e+00 9.000000000000000000e+01
8.000000000000000444e-01 7.000000000000000000e+00 9.000000000000000000e+01
9.000000000000000222e-01 7.000000000000000000e+00 9.000000000000000000e+01
1.000000000000000000e+00 7.000000000000000000e+00 9.000000000000000000e+01
0.000000000000000000e+00 8.000000000000000000e+00 9.000000000000000000e+01
1.000000000000000056e-01 8.000000000000000000e+00 9.000000000000000000e+01
2.000000000000000111e-01 8.000000000000000000e+00 9.000000000000000000e+01
3.000000000000000444e-01 8.000000000000000000e+00 9.000000000000000000e+01
4.000000000000000222e-01 8.000000000000000000e+00 9.000000000000000000e+01
5.000000000000000000e-01 8.000000000000000000e+00 9.000000000000000000e+01
6.000000000000000888e-01 8.000000000000000000e+00 9.000000000000000000e+01
7.000000000000000666e-01 8.000000000000000000e+00 9.000000000000000000e+01
8.000000000000000444e-01 8.000000000000000000e+00 9.000000000000000000e+01
9.000000000000000222e-01 8.000000000000000000e+00 9.000000000000000000e+01
1.000000000000000000e+00 8.000000000000000000e+00 9.000000000000000000e+01
0.000000000000000000e+00 9.000000000000000000e+00 9.000000000000000000e+01
1.000000000000000056e-01 9.000000000000000000e+00 9.000000000000000000e+01
2.000000000000000111e-01 9.000000000000000000e+00 9.000000000000000000e+01
3.000000000000000444e-01 9.000000000000000000e+00 9.000000000000000000e+01
4.000000000000000222e-01 9.000000000000000000e+00 9.000000000000000000e+01
5.000000000000000000e-01 9.000000000000000000e+00 9.000000000000000000e+01
6.000000000000000888e-01 9.000000000000000000e+00 9.000000000000000000e+01
7.000000000000000666e-01 9.000000000000000000e+00 9.000000000000000000e+01
8.000000000000000444e-01 9.000000000000000000e+00 9.000000000000000000e+01
9.000000000000000222e-01 9.000000000000000000e+00 9.000000000000000000e+01
1.000000000000000000e+00 9.000000000000000000e+00 9.000000000000000000e+01
0.000000000000000000e+00 1.000000000000000000e+01 9.000000000000000000e+01
1.000000000000000056e-01 1.000000000000000000e+01 9.000000000000000000e+01
2.000000000000000111e-01 1.000000000000000000e+01 9.000000000000000000e+01
3.000000000000000444e-01 1.000000000000000000e+01 9.000000000000000000e+01
4.000000000000000222e-01 1.000000000000000000e+01 9.000000000000000000e+01
5.000000000000000000e-01 1.000000000000000000e+01 9.000000000000000000e+01
6.000000000000000888e-01 1.000000000000000000e+01 9.000000000000000000e+01
7.000000000000000666e-01 1.000000000000000000e+01 9.000000000000000000e+01
8.000000000000000444e-01 1.000000000000000000e+01 9.000000000000000000e+01
9.000000000000000222e-01 1.000000000000000000e+01 9.000000000000000000e+01
1.000000000000000000e+00 1.000000000000000000e+01 9.000000000000000000e+01
0.000000000000000000e+00 0.000000000000000000e+00 1.000000000000000000e+02
1.000000000000000056e-01 0.000000000000000000e+00 1.000000000000000000e+02
2.000000000000000111e-01 0.000000000000000000e+00 1.000000000000000000e+02
3.000000000000000444e-01 0.000000000000000000e+00 1.000000000000000000e+02
4.000000000000000222e-01 0.000000000000000000e+00 1.000000000000000000e+02
5.000000000000000000e-01 0.000000000000000000e+00 1.000000000000000000e+02
6.000000000000000888e-01 0.000000000000000000e+00 1.000000000000000000e+02
7.000000000000000666e-01 0.000000000000000000e+00 1.000000000000000000e+02
8.000000000000000444e-01 0.000000000000000000e+00 1.000000000000000000e+02
9.000000000000000222e-01 0.000000000000000000e+00 1.000000000000000000e+02
1.000000000000000000e+00 0.000000000000000000e+00 1.000000000000000000e+02
0.000000000000000000e+00 1.000000000000000000e+00 1.000000000000000000e+02
1.000000000000000056e-01 1.000000000000000000e+00 1.000000000000000000e+02
2.000000000000000111e-01 1.000000000000000000e+00 1.000000000000000000e+02
3.000000000000000444e-01 1.000000000000000000e+00 1.000000000000000000e+02
4.000000000000000222e-01 1.000000000000000000e+00 1.000000000000000000e+02
5.000000000000000000e-01 1.000000000000000000e+00 1.000000000000000000e+02
6.000000000000000888e-01 1.000000000000000000e+00 1.000000000000000000e+02
7.000000000000000666e-01 1.000000000000000000e+00 1.000000000000000000e+02
8.000000000000000444e-01 1.000000000000000000e+00 1.000000000000000000e+02
9.000000000000000222e-01 1.000000000000000000e+00 1.000000000000000000e+02
1.000000000000000000e+00 1.000000000000000000e+00 1.000000000000000000e+02
0.000000000000000000e+00 2.000000000000000000e+00 1.000000000000000000e+02
1.000000000000000056e-01 2.000000000000000000e+00 1.000000000000000000e+02
2.000000000000000111e-01 2.000000000000000000e+00 1.000000000000000000e+02
3.000000000000000444e-01 2.000000000000000000e+00 1.000000000000000000e+02
4.000000000000000222e-01 2.000000000000000000e+00 1.000000000000000000e+02
5.000000000000000000e-01 2.000000000000000000e+00 1.000000000000000000e+02
6.000000000000000888e-01 2.000000000000000000e+00 1.000000000000000000e+02
7.000000000000000666e-01 2.000000000000000000e+00 1.000000000000000000e+02
8.000000000000000444e-01 2.000000000000000000e+00 1.000000000000000000e+02
9.000000000000000222e-01 2.000000000000000000e+00 1.000000000000000000e+02
1.000000000000000000e+00 2.000000000000000000e+00 1.000000000000000000e+02
0.000000000000000000e+00 3.000000000000000000e+00 1.000000000000000000e+02
1.000000000000000056e-01 3.000000000000000000e+00 1.000000000000000000e+02
2.000000000000000111e-01 3.000000000000000000e+00 1.000000000000000000e+02
3.000000000000000444e-01 3.000000000000000000e+00 1.000000000000000000e+02
4.000000000000000222e-01 3.000000000000000000e+00 1.000000000000000000e+02
5.000000000000000000e-01 3.000000000000000000e+00 1.000000000000000000e+02
6.000000000000000888e-01 3.000000000000000000e+00 1.000000000000000000e+02
7.000000000000000666e-01 3.000000000000000000e+00 1.000000000000000000e+02
8.000000000000000444e-01 3.000000000000000000e+00 1.000000000000000000e+02
9.000000000000000222e-01 3.000000000000000000e+00 1.000000000000000000e+02
1.000000000000000000e+00 3.000000000000000000e+00 1.000000000000000000e+02
0.000000000000000000e+00 4.000000000000000000e+00 1.000000000000000000e+02
1.000000000000000056e-01 4.000000000000000000e+00 1.000000000000000000e+02
2.000000000000000111e-01 4.000000000000000000e+00 1.000000000000000000e+02
3.000000000000000444e-01 4.000000000000000000e+00 1.000000000000000000e+02
4.000000000000000222e-01 4.000000000000000000e+00 1.000000000000000000e+02
5.000000000000000000e-01 4.000000000000000000e+00 1.000000000000000000e+02
6.000000000000000888e-01 4.000000000000000000e+00 1.000000000000000000e+02
7.000000000000000666e-01 4.000000000000000000e+00 1.000000000000000000e+02
8.000000000000000444e-01 4.000000000000000000e+00 1.000000000000000000e+02
9.000000000000000222e-01 4.000000000000000000e+00 1.000000000000000000e+02
1.000000000000000000e+00 4.000000000000000000e+00 1.000000000000000000e+02
0.000000000000000000e+00 5.000000000000000000e+00 1.000000000000000000e+02
1.000000000000000056e-01 5.000000000000000000e+00 1.000000000000000000e+02
2.000000000000000111e-01 5.000000000000000000e+00 1.000000000000000000e+02
3.000000000000000444e-01 5.000000000000000000e+00 1.000000000000000000e+02
4.000000000000000222e-01 5.000000000000000000e+00 1.000000000000000000e+02
5.000000000000000000e-01 5.000000000000000000e+00 1.000000000000000000e+02
6.000000000000000888e-01 5.000000000000000000e+00 1.000000000000000000e+02
7.000000000000000666e-01 5.000000000000000000e+00 1.000000000000000000e+02
8.000000000000000444e-01 5.000000000000000000e+00 1.000000000000000000e+02
9.000000000000000222e-01 5.000000000000000000e+00 1.000000000000000000e+02
1.000000000000000000e+00 5.000000000000000000e+00 1.000000000000000000e+02
0.000000000000000000e+00 6.000000000000000000e+00 1.000000000000000000e+02
1.000000000000000056e-01 6.000000000000000000e+00 1.000000000000000000e+02
2.000000000000000111e-01 6.000000000000000000e+00 1.000000000000000000e+02
3.000000000000000444e-01 6.000000000000000000e+00 1.000000000000000000e+02
4.000000000000000222e-01 6.000000000000000000e+00 1.000000000000000000e+02
5.000000000000000000e-01 6.000000000000000000e+00 1.000000000000000000e+02
6.000000000000000888e-01 6.000000000000000000e+00 1.000000000000000000e+02
7.000000000000000666e-01 6.000000000000000000e+00 1.000000000000000000e+02
8.000000000000000444e-01 6.000000000000000000e+00 1.000000000000000000e+02
9.000000000000000222e-01 6.000000000000000000e+00 1.000000000000000000e+02
1.000000000000000000e+00 6.000000000000000000e+00 1.000000000000000000e+02
0.000000000000000000e+00 7.000000000000000000e+00 1.000000000000000000e+02
1.000000000000000056e-01 7.000000000000000000e+00 1.000000000000000000e+02
2.000000000000000111e-01 7.000000000000000000e+00 1.000000000000000000e+02
3.000000000000000444e-01 7.000000000000000000e+00 1.000000000000000000e+02
4.000000000000000222e-01 7.000000000000000000e+00 1.000000000000000000e+02
5.000000000000000000e-01 7.000000000000000000e+00 1.000000000000000000e+02
6.000000000000000888e-01 7.000000000000000000e+00 1.000000000000000000e+02
7.000000000000000666e-01 7.000000000000000000e+00 1.000000000000000000e+02
8.000000000000000444e-01 7.000000000000000000e+00 1.000000000000000000e+02
9.000000000000000222e-01 7.000000000000000000e+00 1.000000000000000000e+02
1.000000000000000000e+00 7.000000000000000000e+00 1.000000000000000000e+02
0.000000000000000000e+00 8.000000000000000000e+00 1.000000000000000000e+02
1.000000000000000056e-01 8.000000000000000000e+00 1.000000000000000000e+02
2.000000000000000111e-01 8.000000000000000000e+00 1.000000000000000000e+02
3.000000000000000444e-01 8.000000000000000000e+00 1.000000000000000000e+02
4.000000000000000222e-01 8.000000000000000000e+00 1.000000000000000000e+02
5.000000000000000000e-01 8.000000000000000000e+00 1.000000000000000000e+02
6.000000000000000888e-01 8.000000000000000000e+00 1.000000000000000000e+02
7.000000000000000666e-01 8.000000000000000000e+00 1.000000000000000000e+02
8.000000000000000444e-01 8.000000000000000000e+00 1.000000000000000000e+02
9.000000000000000222e-01 8.000000000000000000e+00 1.000000000000000000e+02
1.000000000000000000e+00 8.000000000000000000e+00 1.000000000000000000e+02
0.000000000000000000e+00 9.000000000000000000e+00 1.000000000000000000e+02
1.000000000000000056e-01 9.000000000000000000e+00 1.000000000000000000e+02
2.000000000000000111e-01 9.000000000000000000e+00 1.000000000000000000e+02
3.000000000000000444e-01 9.000000000000000000e+00 1.000000000000000000e+02
4.000000000000000222e-01 9.000000000000000000e+00 1.000000000000000000e+02
5.000000000000000000e-01 9.000000000000000000e+00 1.000000000000000000e+02
6.000000000000000888e-01 9.000000000000000000e+00 1.000000000000000000e+02
7.000000000000000666e-01 9.000000000000000000e+00 1.000000000000000000e+02
8.000000000000000444e-01 9.000000000000000000e+00 1.000000000000000000e+02
9.000000000000000222e-01 9.000000000000000000e+00 1.000000000000000000e+02
1.000000000000000000e+00 9.000000000000000000e+00 1.000000000000000000e+02
0.000000000000000000e+00 1.000000000000000000e+01 1.000000000000000000e+02
1.000000000000000056e-01 1.000000000000000000e+01 1.000000000000000000e+02
2.000000000000000111e-01 1.000000000000000000e+01 1.000000000000000000e+02
3.000000000000000444e-01 1.000000000000000000e+01 1.000000000000000000e+02
4.000000000000000222e-01 1.000000000000000000e+01 1.000000000000000000e+02
5.000000000000000000e-01 1.000000000000000000e+01 1.000000000000000000e+02
6.000000000000000888e-01 1.000000000000000000e+01 1.000000000000000000e+02
7.000000000000000666e-01 1.000000000000000000e+01 1.000000000000000000e+02
8.000000000000000444e-01 1.000000000000000000e+01 1.000000000000000000e+02
9.000000000000000222e-01 1.000000000000000000e+01 1.000000000000000000e+02
1.000000000000000000e+00 1.000000000000000000e+01 1.000000000000000000e+02
